// Start Time: Unknown
// Update Rate: 100.0Hz
// Filter Profile: human (46.1)
// Firmware Version: 4.6.0
PacketCounter	Acc_X	Acc_Y	Acc_Z	Gyr_X	Gyr_Y	Gyr_Z	Mag_X	Mag_Y	Mag_Z	Mat[1][1]	Mat[2][1]	Mat[3][1]	Mat[1][2]	Mat[2][2]	Mat[3][2]	Mat[1][3]	Mat[2][3]	Mat[3][3]
19648	1.694760	3.542650	8.988860	-0.012052	0.007360	0.000162	-0.464713	-0.663002	-0.711933	0.688181	-0.705027	0.171300	0.620755	0.694370	0.364024	-0.375592	-0.144179	0.915501
19649	1.693960	3.541640	8.989400	-0.011043	0.009010	-0.003633	-0.469530	-0.656598	-0.708607	0.688193	-0.705039	0.171204	0.620822	0.694360	0.363929	-0.375462	-0.144166	0.915557
19650	1.653320	3.562610	9.028720	-0.013057	0.006531	-0.000678	-0.469549	-0.666372	-0.716520	0.688215	-0.705031	0.171147	0.620874	0.694379	0.363804	-0.375334	-0.144114	0.915617
19651	1.696180	3.551630	9.048970	-0.011548	0.008187	-0.001738	-0.469602	-0.668050	-0.718053	0.688235	-0.705031	0.171066	0.620929	0.694384	0.363701	-0.375206	-0.144092	0.915674
19652	1.721050	3.528790	9.042200	-0.009977	0.007575	-0.003154	-0.469732	-0.658625	-0.714607	0.688244	-0.705042	0.170985	0.620989	0.694376	0.363614	-0.375090	-0.144075	0.915723
19653	1.661300	3.576640	9.015920	-0.008973	0.008405	-0.002316	-0.467039	-0.665282	-0.719769	0.688261	-0.705046	0.170899	0.621038	0.694373	0.363535	-0.374977	-0.144072	0.915770
19654	1.665750	3.520100	9.037790	-0.011492	0.005101	0.002535	-0.463229	-0.667188	-0.716625	0.688297	-0.705020	0.170862	0.621065	0.694408	0.363422	-0.374868	-0.144026	0.915822
19655	1.663720	3.557620	8.999880	-0.014242	0.013327	-0.005085	-0.472948	-0.657035	-0.720104	0.688315	-0.705037	0.170721	0.621153	0.694393	0.363300	-0.374688	-0.144021	0.915897
19656	1.678180	3.517600	9.007590	-0.013630	0.007156	0.006200	-0.472038	-0.665049	-0.720856	0.688382	-0.704982	0.170677	0.621164	0.694458	0.363157	-0.374547	-0.143972	0.915962
19657	1.673460	3.532870	9.025530	-0.022037	0.014124	0.001626	-0.466909	-0.669337	-0.706205	0.688445	-0.704951	0.170553	0.621236	0.694501	0.362952	-0.374313	-0.143919	0.916066
19658	1.698020	3.509120	9.019180	-0.017896	0.012909	0.004266	-0.471330	-0.666727	-0.720501	0.688522	-0.704901	0.170449	0.621278	0.694560	0.362767	-0.374102	-0.143877	0.916159
19659	1.750290	3.514400	9.025540	-0.019136	0.022796	-0.004414	-0.460889	-0.663165	-0.721553	0.688579	-0.704899	0.170224	0.621380	0.694557	0.362599	-0.373826	-0.143905	0.916267
19660	1.865340	3.543730	9.023220	-0.015418	0.039101	-0.008543	-0.467337	-0.666957	-0.714225	0.688675	-0.704898	0.169842	0.621501	0.694527	0.362449	-0.373449	-0.144052	0.916398
19661	1.886130	3.521020	9.017280	-0.009110	0.057277	-0.022518	-0.463172	-0.669640	-0.711148	0.688748	-0.704972	0.169235	0.621690	0.694381	0.362403	-0.372998	-0.144393	0.916528
19662	1.861150	3.508760	8.991850	-0.008153	0.081015	-0.029665	-0.464389	-0.662734	-0.716563	0.688864	-0.705051	0.168434	0.621920	0.694205	0.362346	-0.372400	-0.144855	0.916698
19663	1.758020	3.523750	9.026860	-0.004435	0.098184	-0.038476	-0.463570	-0.670512	-0.717027	0.688990	-0.705175	0.167394	0.622202	0.693940	0.362370	-0.371696	-0.145516	0.916879
19664	1.598720	3.570560	9.017780	-0.005641	0.104203	-0.038312	-0.467679	-0.666427	-0.723883	0.689133	-0.705275	0.166383	0.622476	0.693710	0.362340	-0.370971	-0.146131	0.917075
19665	1.463620	3.534920	9.095210	-0.003699	0.089181	-0.037256	-0.458800	-0.662287	-0.719580	0.689232	-0.705402	0.165430	0.622746	0.693453	0.362368	-0.370333	-0.146734	0.917236
19666	1.426390	3.544890	9.045130	-0.002668	0.066286	-0.023809	-0.461618	-0.658112	-0.716853	0.689328	-0.705459	0.164789	0.622919	0.693314	0.362337	-0.369864	-0.147119	0.917364
19667	1.398700	3.549600	9.036170	-0.008463	0.049744	-0.016366	-0.458076	-0.675561	-0.721646	0.689410	-0.705499	0.164273	0.623063	0.693211	0.362287	-0.369469	-0.147411	0.917476
19668	1.448510	3.556110	9.042750	-0.007477	0.029919	-0.007165	-0.457956	-0.661916	-0.715771	0.689482	-0.705500	0.163967	0.623154	0.693182	0.362185	-0.369180	-0.147543	0.917571
19669	1.500120	3.562520	9.049110	-0.008181	0.016072	-0.000486	-0.463768	-0.666951	-0.713608	0.689538	-0.705479	0.163818	0.623188	0.693191	0.362110	-0.369018	-0.147600	0.917627
19670	1.525050	3.539900	9.042420	-0.007952	0.005325	0.007389	-0.460999	-0.664500	-0.718947	0.689615	-0.705420	0.163751	0.623190	0.693255	0.361983	-0.368871	-0.147581	0.917689
19671	1.503350	3.543930	9.032780	-0.008905	0.001393	0.010834	-0.464549	-0.665248	-0.722640	0.689688	-0.705342	0.163777	0.623148	0.693345	0.361884	-0.368806	-0.147529	0.917724
19672	1.583450	3.528180	9.031690	-0.008281	-0.003150	0.012872	-0.459120	-0.659185	-0.718995	0.689772	-0.705259	0.163780	0.623122	0.693444	0.361737	-0.368691	-0.147461	0.917781
19673	1.675060	3.490360	9.054870	-0.014417	-0.003589	0.008522	-0.461456	-0.667793	-0.721688	0.689812	-0.705205	0.163844	0.623117	0.693525	0.361591	-0.368626	-0.147336	0.917827
19674	1.693110	3.501330	9.082320	-0.005241	0.001003	0.006120	-0.458989	-0.667794	-0.722760	0.689870	-0.705161	0.163793	0.623128	0.693578	0.361472	-0.368499	-0.147305	0.917883
19675	1.710190	3.522640	8.995650	-0.005892	0.009479	-0.004843	-0.462700	-0.676582	-0.716262	0.689875	-0.705180	0.163689	0.623183	0.693552	0.361426	-0.368397	-0.147331	0.917920
19676	1.688010	3.488520	9.024490	-0.003004	0.017346	-0.006255	-0.460716	-0.661585	-0.725934	0.689905	-0.705202	0.163469	0.623275	0.693515	0.361338	-0.368184	-0.147402	0.917994
19677	1.603220	3.481580	9.081780	0.002528	0.023162	-0.008583	-0.455297	-0.667265	-0.721159	0.689936	-0.705227	0.163225	0.623325	0.693451	0.361375	-0.368040	-0.147583	0.918023
19678	1.527760	3.530600	9.086270	0.004151	0.019450	-0.005705	-0.455864	-0.665963	-0.719509	0.689988	-0.705227	0.163006	0.623381	0.693427	0.361324	-0.367848	-0.147694	0.918082
19679	1.486500	3.524050	9.049230	0.005218	0.018010	-0.005215	-0.456445	-0.663758	-0.722964	0.690022	-0.705237	0.162821	0.623398	0.693382	0.361380	-0.367756	-0.147858	0.918092
19680	1.481320	3.541340	9.066400	0.003355	0.007038	0.005966	-0.455765	-0.666823	-0.714742	0.690100	-0.705182	0.162728	0.623387	0.693431	0.361306	-0.367627	-0.147895	0.918138
19681	1.517400	3.536730	9.044950	0.005623	-0.000391	0.006250	-0.461322	-0.665275	-0.716353	0.690138	-0.705139	0.162754	0.623324	0.693466	0.361347	-0.367664	-0.147931	0.918117
19682	1.611900	3.522190	9.012110	0.002601	-0.003714	0.008363	-0.463071	-0.666140	-0.719248	0.690191	-0.705089	0.162745	0.623299	0.693520	0.361287	-0.367606	-0.147918	0.918143
19683	1.677540	3.507820	9.041900	0.009268	-0.001612	0.006177	-0.463311	-0.668263	-0.726499	0.690224	-0.705048	0.162782	0.623223	0.693550	0.361362	-0.367675	-0.147971	0.918107
19684	1.559000	3.506480	9.119790	0.009267	-0.001612	0.006176	-0.453784	-0.663096	-0.725111	0.690283	-0.704996	0.162759	0.623190	0.693600	0.361322	-0.367620	-0.147985	0.918126
19685	1.562460	3.529200	9.063790	0.012845	-0.000561	0.006452	-0.449356	-0.666449	-0.721219	0.690321	-0.704952	0.162787	0.623098	0.693626	0.361429	-0.367704	-0.148070	0.918079
19686	1.530910	3.518070	9.067580	0.008312	-0.005544	0.009622	-0.458970	-0.672746	-0.723208	0.690373	-0.704902	0.162785	0.623072	0.693681	0.361370	-0.367651	-0.148053	0.918103
19687	1.557010	3.535610	9.021530	0.010067	-0.013801	0.011804	-0.464454	-0.671236	-0.716526	0.690396	-0.704841	0.162953	0.622954	0.693749	0.361442	-0.367808	-0.148026	0.918045
19688	1.590770	3.547880	9.016890	0.001268	-0.013017	0.013006	-0.462106	-0.666537	-0.718185	0.690437	-0.704783	0.163025	0.622931	0.693831	0.361324	-0.367767	-0.147918	0.918078
19689	1.603660	3.526160	9.040820	0.005846	-0.011134	0.014121	-0.455749	-0.669705	-0.723414	0.690484	-0.704702	0.163177	0.622813	0.693921	0.361355	-0.367880	-0.147881	0.918039
19690	1.659180	3.533230	9.046270	0.001246	-0.013841	0.017640	-0.459073	-0.667903	-0.714641	0.690558	-0.704605	0.163281	0.622749	0.694043	0.361230	-0.367848	-0.147767	0.918070
19691	1.696650	3.528090	9.024730	0.000514	-0.003925	0.011662	-0.461001	-0.663444	-0.725234	0.690616	-0.704531	0.163358	0.622668	0.694124	0.361215	-0.367878	-0.147743	0.918062
19692	1.660860	3.533030	9.046040	0.001915	0.003107	0.006668	-0.461555	-0.653735	-0.712874	0.690692	-0.704468	0.163310	0.622650	0.694189	0.361121	-0.367766	-0.147738	0.918108
19693	1.660670	3.533000	9.046080	-0.000218	0.005991	0.005685	-0.453511	-0.662721	-0.724359	0.690749	-0.704420	0.163274	0.622613	0.694229	0.361109	-0.367722	-0.147779	0.918119
19694	1.616610	3.542770	9.026240	-0.001328	0.010532	0.000907	-0.461255	-0.669663	-0.719267	0.690839	-0.704352	0.163187	0.622599	0.694294	0.361007	-0.367575	-0.147798	0.918174
19695	1.609200	3.508940	9.023540	0.001184	0.013023	0.000690	-0.466038	-0.680402	-0.713707	0.690891	-0.704328	0.163069	0.622591	0.694297	0.361015	-0.367491	-0.147897	0.918192
19696	1.572110	3.514000	9.045030	0.001228	0.009924	0.004976	-0.456166	-0.664670	-0.715411	0.690933	-0.704313	0.162958	0.622616	0.694304	0.360958	-0.367370	-0.147937	0.918234
19697	1.577620	3.547920	9.048030	0.002250	0.011583	0.001181	-0.455895	-0.669303	-0.717547	0.690982	-0.704288	0.162855	0.622600	0.694308	0.360978	-0.367304	-0.148036	0.918245
19698	1.559510	3.535820	9.021010	-0.002753	0.002674	0.010535	-0.462320	-0.665482	-0.722576	0.691045	-0.704233	0.162828	0.622590	0.694370	0.360875	-0.367203	-0.148006	0.918290
19699	1.601990	3.564130	9.002770	-0.005374	0.005556	0.006813	-0.454161	-0.669803	-0.720419	0.691107	-0.704178	0.162799	0.622564	0.694425	0.360816	-0.367131	-0.148009	0.918318
19700	1.649030	3.536540	9.006050	-0.009083	0.009053	0.007234	-0.467013	-0.668831	-0.717912	0.691191	-0.704122	0.162689	0.622605	0.694492	0.360616	-0.366904	-0.147964	0.918416
19701	1.627410	3.501870	9.035000	-0.009126	0.012154	0.002947	-0.458978	-0.663701	-0.718024	0.691253	-0.704084	0.162586	0.622619	0.694525	0.360528	-0.366762	-0.147988	0.918469
19702	1.701570	3.503150	9.051380	-0.006233	0.020022	0.001530	-0.451376	-0.662513	-0.719226	0.691357	-0.704021	0.162417	0.622630	0.694576	0.360412	-0.366548	-0.148048	0.918545
19703	1.692180	3.507430	9.010660	-0.008895	0.026007	-0.006482	-0.461421	-0.667837	-0.720259	0.691411	-0.704029	0.162153	0.622708	0.694542	0.360342	-0.366313	-0.148171	0.918619
19704	1.617010	3.517020	9.053960	-0.001383	0.032657	-0.002496	-0.462737	-0.665816	-0.718851	0.691515	-0.703999	0.161841	0.622767	0.694539	0.360246	-0.366018	-0.148326	0.918711
19705	1.566550	3.543980	9.051490	0.002351	0.029989	-0.007555	-0.459650	-0.667101	-0.719544	0.691577	-0.704008	0.161536	0.622811	0.694481	0.360281	-0.365825	-0.148555	0.918751
19706	1.467520	3.508530	9.064310	0.003035	0.023172	-0.005864	-0.460297	-0.673900	-0.720360	0.691639	-0.703994	0.161331	0.622841	0.694468	0.360256	-0.365657	-0.148683	0.918797
19707	1.465790	3.509000	9.064410	0.006825	0.013470	0.002295	-0.457407	-0.668317	-0.723656	0.691702	-0.703959	0.161214	0.622800	0.694472	0.360316	-0.365607	-0.148827	0.918794
19708	1.434540	3.586980	9.050050	0.004485	0.003327	0.006103	-0.460831	-0.662457	-0.720996	0.691737	-0.703941	0.161147	0.622815	0.694488	0.360260	-0.365516	-0.148840	0.918828
19709	1.482530	3.560170	9.052940	-0.000947	-0.007863	0.012373	-0.458896	-0.670089	-0.717645	0.691784	-0.703868	0.161261	0.622734	0.694575	0.360233	-0.365564	-0.148781	0.918818
19710	1.635500	3.534820	9.009190	-0.005564	-0.006641	0.006964	-0.456508	-0.663073	-0.724099	0.691821	-0.703821	0.161309	0.622722	0.694642	0.360124	-0.365515	-0.148690	0.918853
19711	1.618930	3.522300	8.982050	-0.003946	-0.010356	0.009847	-0.459760	-0.666611	-0.723116	0.691843	-0.703769	0.161438	0.622669	0.694716	0.360074	-0.365562	-0.148592	0.918850
19712	1.634320	3.511880	9.064850	-0.005143	-0.004364	0.010048	-0.457737	-0.672593	-0.726204	0.691920	-0.703685	0.161473	0.622651	0.694825	0.359894	-0.365448	-0.148477	0.918914
19713	1.661220	3.450890	9.096320	0.000330	0.003723	0.008069	-0.456408	-0.665608	-0.728137	0.691983	-0.703625	0.161466	0.622595	0.694880	0.359886	-0.365424	-0.148507	0.918918
19714	1.612380	3.516630	9.054930	0.005251	0.014082	0.003698	-0.458925	-0.662679	-0.725239	0.692056	-0.703599	0.161267	0.622650	0.694893	0.359764	-0.365193	-0.148564	0.919001
19715	1.568630	3.488460	9.073270	0.010315	0.015965	0.007554	-0.452023	-0.669743	-0.712780	0.692160	-0.703524	0.161144	0.622562	0.694930	0.359847	-0.365145	-0.148750	0.918990
19716	1.562730	3.544970	9.051770	0.011866	0.014526	0.010784	-0.460759	-0.668326	-0.720438	0.692258	-0.703461	0.161000	0.622504	0.694958	0.359890	-0.365057	-0.148914	0.918998
19717	1.576290	3.545950	9.020200	0.013537	0.012465	0.004397	-0.462843	-0.664924	-0.720536	0.692330	-0.703414	0.160897	0.622427	0.694967	0.360008	-0.365053	-0.149098	0.918970
19718	1.607250	3.558950	9.015820	0.011921	0.016181	0.001510	-0.458649	-0.666920	-0.722409	0.692425	-0.703350	0.160769	0.622359	0.694996	0.360069	-0.364989	-0.149264	0.918969
19719	1.563450	3.531040	9.034060	0.007894	0.012029	0.002781	-0.454517	-0.667166	-0.722500	0.692485	-0.703314	0.160666	0.622313	0.695001	0.360138	-0.364953	-0.149406	0.918960
19720	1.576960	3.531520	9.002700	0.004830	0.011810	0.000605	-0.461055	-0.665756	-0.721560	0.692527	-0.703309	0.160507	0.622352	0.694990	0.360093	-0.364808	-0.149482	0.919005
19721	1.551190	3.515270	9.048140	0.008510	0.007484	0.004826	-0.454350	-0.662524	-0.717418	0.692583	-0.703266	0.160452	0.622290	0.695009	0.360164	-0.364806	-0.149596	0.918987
19722	1.471210	3.530950	9.049040	0.008575	0.005209	0.004479	-0.464746	-0.665628	-0.720998	0.692652	-0.703206	0.160422	0.622224	0.695055	0.360189	-0.364789	-0.149667	0.918982
19723	1.492990	3.526830	9.058760	0.011900	-0.003670	0.005272	-0.459105	-0.659887	-0.716077	0.692670	-0.703177	0.160471	0.622147	0.695072	0.360290	-0.364886	-0.149726	0.918934
19724	1.562250	3.534700	9.032830	0.013066	-0.010487	0.009710	-0.461979	-0.669580	-0.718267	0.692760	-0.703044	0.160663	0.621950	0.695206	0.360372	-0.365051	-0.149727	0.918869
19725	1.505880	3.545810	9.043320	0.013776	-0.016483	0.006774	-0.461142	-0.663795	-0.720336	0.692742	-0.703022	0.160837	0.621853	0.695232	0.360487	-0.365250	-0.149708	0.918793
19726	1.554530	3.558480	9.007170	0.008655	-0.020014	0.012187	-0.458980	-0.674177	-0.719066	0.692770	-0.702942	0.161065	0.621717	0.695329	0.360536	-0.365429	-0.149632	0.918734
19727	1.647380	3.522190	9.029750	0.006618	-0.018579	0.006216	-0.457371	-0.659820	-0.718356	0.692740	-0.702928	0.161257	0.621650	0.695362	0.360587	-0.365599	-0.149548	0.918680
19728	1.681210	3.534760	9.025010	0.011553	-0.012142	0.010758	-0.454097	-0.663674	-0.720276	0.692750	-0.702896	0.161351	0.621575	0.695392	0.360658	-0.365708	-0.149554	0.918636
19729	1.593080	3.495180	9.078340	0.012451	-0.005937	0.007653	-0.461600	-0.665341	-0.717048	0.692776	-0.702853	0.161432	0.621477	0.695426	0.360762	-0.365826	-0.149601	0.918581
19730	1.649680	3.554240	9.103570	0.020505	0.002366	0.005097	-0.467361	-0.666743	-0.719355	0.692827	-0.702808	0.161404	0.621386	0.695442	0.360888	-0.365882	-0.149739	0.918536
19731	1.646270	3.543900	9.044450	0.019890	0.006912	0.003049	-0.458500	-0.660091	-0.718820	0.692871	-0.702777	0.161350	0.621293	0.695432	0.361067	-0.365957	-0.149927	0.918475
19732	1.628090	3.533540	9.016760	0.016826	0.006691	0.000876	-0.461138	-0.667192	-0.724627	0.692973	-0.702669	0.161381	0.621139	0.695517	0.361168	-0.366024	-0.150040	0.918430
19733	1.547900	3.549900	9.017480	0.013183	0.007917	0.000945	-0.449325	-0.666760	-0.714807	0.693008	-0.702651	0.161311	0.621084	0.695504	0.361288	-0.366052	-0.150187	0.918395
19734	1.558620	3.529120	9.041470	0.010155	0.004599	0.003063	-0.454958	-0.669170	-0.712961	0.693007	-0.702681	0.161185	0.621130	0.695456	0.361301	-0.365977	-0.150268	0.918412
19735	1.595410	3.486220	9.058470	0.009706	0.001498	0.004615	-0.457083	-0.665843	-0.714258	0.693041	-0.702647	0.161187	0.621063	0.695473	0.361383	-0.366026	-0.150346	0.918380
19736	1.633280	3.571260	9.018280	0.007220	-0.000175	0.000202	-0.463517	-0.653905	-0.711393	0.692978	-0.702726	0.161115	0.621102	0.695371	0.361511	-0.366078	-0.150451	0.918342
19737	1.622690	3.555300	9.032200	0.013219	0.004824	0.005231	-0.462226	-0.662698	-0.719804	0.693028	-0.702683	0.161087	0.621019	0.695386	0.361626	-0.366126	-0.150578	0.918302
19738	1.658160	3.551200	9.010680	0.009505	0.012238	-0.003279	-0.465210	-0.670013	-0.722410	0.693187	-0.702509	0.161161	0.620815	0.695547	0.361667	-0.366169	-0.150651	0.918272
19739	1.673510	3.602730	8.999190	0.008826	0.019058	-0.004986	-0.458730	-0.664811	-0.715369	0.693226	-0.702515	0.160969	0.620817	0.695499	0.361757	-0.366093	-0.150847	0.918271
19740	1.607030	3.579740	9.007630	0.005148	0.023379	-0.009209	-0.453988	-0.669681	-0.720297	0.693279	-0.702506	0.160775	0.620821	0.695469	0.361806	-0.365985	-0.151020	0.918285
19741	1.493760	3.544690	9.051670	0.001540	0.021511	-0.004850	-0.453032	-0.665959	-0.720953	0.693328	-0.702507	0.160561	0.620848	0.695433	0.361829	-0.365847	-0.151182	0.918314
19742	1.455290	3.588490	9.034530	-0.001229	0.009089	-0.004102	-0.456143	-0.666559	-0.723667	0.693277	-0.702610	0.160333	0.621031	0.695326	0.361722	-0.365633	-0.151202	0.918396
19743	1.509190	3.556600	9.079230	-0.003707	0.003500	0.000412	-0.463018	-0.667211	-0.715242	0.693292	-0.702602	0.160301	0.621042	0.695334	0.361687	-0.365585	-0.151201	0.918415
19744	1.560200	3.550910	9.026830	-0.004572	-0.005799	0.007815	-0.455585	-0.665349	-0.719948	0.693338	-0.702535	0.160394	0.620994	0.695421	0.361602	-0.365579	-0.151108	0.918432
19745	1.582440	3.545480	9.037000	-0.002703	0.000420	0.010176	-0.462303	-0.670218	-0.716913	0.693403	-0.702464	0.160427	0.620934	0.695496	0.361560	-0.365559	-0.151093	0.918443
19746	1.565290	3.532910	9.009980	-0.006216	-0.002907	0.009559	-0.460011	-0.675177	-0.718846	0.693442	-0.702416	0.160468	0.620906	0.695557	0.361492	-0.365533	-0.151038	0.918462
19747	1.543130	3.566290	9.075630	-0.006281	-0.000630	0.009901	-0.458607	-0.671778	-0.718520	0.693501	-0.702348	0.160509	0.620860	0.695635	0.361419	-0.365498	-0.150991	0.918484
19748	1.562910	3.509940	9.065970	-0.003638	-0.002689	0.008993	-0.456774	-0.663590	-0.717496	0.693466	-0.702395	0.160457	0.620901	0.695579	0.361458	-0.365497	-0.151031	0.918478
19749	1.563630	3.509360	9.066070	-0.005668	-0.005174	0.011950	-0.465390	-0.658867	-0.721971	0.693520	-0.702321	0.160545	0.620839	0.695670	0.361389	-0.365498	-0.150958	0.918490
19750	1.564630	3.508830	9.066100	-0.002447	-0.008682	0.008801	-0.459507	-0.675123	-0.714109	0.693646	-0.702144	0.160778	0.620682	0.695887	0.361241	-0.365526	-0.150782	0.918507
19751	1.532950	3.535290	9.031610	-0.001383	-0.010124	0.009295	-0.458762	-0.671740	-0.708383	0.693666	-0.702095	0.160904	0.620622	0.695954	0.361215	-0.365589	-0.150702	0.918495
19752	1.595280	3.537030	9.078820	-0.002319	-0.013232	0.008113	-0.460952	-0.659121	-0.712556	0.693536	-0.702218	0.160926	0.620648	0.695808	0.361451	-0.365791	-0.150801	0.918399
19753	1.614600	3.558440	8.991640	0.002837	-0.012799	0.006983	-0.460896	-0.666839	-0.715739	0.693532	-0.702190	0.161067	0.620589	0.695850	0.361471	-0.365900	-0.150735	0.918366
19754	1.623100	3.553590	9.032800	-0.000805	-0.011572	0.007052	-0.464163	-0.664326	-0.716548	0.693571	-0.702102	0.161283	0.620458	0.695959	0.361488	-0.366047	-0.150648	0.918322
19755	1.602520	3.558220	9.022670	-0.004995	-0.008076	0.004730	-0.456834	-0.663597	-0.716137	0.693570	-0.702082	0.161374	0.620443	0.695997	0.361440	-0.366076	-0.150561	0.918324
19756	1.624920	3.552740	9.032810	-0.004544	-0.004975	0.003177	-0.460149	-0.663521	-0.723644	0.693600	-0.702029	0.161477	0.620395	0.696070	0.361381	-0.366099	-0.150475	0.918329
19757	1.586790	3.506590	9.034260	-0.005608	-0.003533	0.002682	-0.464195	-0.672894	-0.720570	0.693603	-0.702016	0.161519	0.620396	0.696095	0.361332	-0.366093	-0.150415	0.918342
19758	1.593640	3.539960	9.037190	-0.003029	-0.003317	0.002117	-0.462327	-0.665547	-0.726430	0.693621	-0.701989	0.161559	0.620403	0.696143	0.361228	-0.366046	-0.150324	0.918375
19759	1.633340	3.546730	9.074430	-0.001451	-0.003934	0.000715	-0.457135	-0.663718	-0.714320	0.693610	-0.701991	0.161598	0.620402	0.696148	0.361219	-0.366068	-0.150289	0.918372
19760	1.547460	3.528010	9.072710	0.000515	0.000826	-0.001897	-0.461036	-0.670034	-0.716893	0.693629	-0.701975	0.161587	0.620429	0.696177	0.361117	-0.365988	-0.150228	0.918414
19761	1.562150	3.528000	9.041300	0.002190	-0.005160	0.000644	-0.463770	-0.661451	-0.719438	0.693613	-0.701979	0.161637	0.620415	0.696177	0.361141	-0.366041	-0.150210	0.918396
19762	1.552400	3.511530	9.055280	0.006866	-0.008648	0.005698	-0.458992	-0.659794	-0.716598	0.693645	-0.701913	0.161787	0.620305	0.696250	0.361190	-0.366168	-0.150180	0.918350
19763	1.531710	3.517050	9.044840	0.006866	-0.008647	0.005697	-0.459367	-0.670515	-0.724723	0.693648	-0.701887	0.161889	0.620238	0.696279	0.361248	-0.366275	-0.150169	0.918309
19764	1.618910	3.536230	9.046130	0.006901	-0.011739	0.009983	-0.459311	-0.660964	-0.719925	0.693680	-0.701830	0.161996	0.620194	0.696357	0.361174	-0.366290	-0.150071	0.918320
19765	1.620200	3.536730	9.045700	0.007838	-0.008630	0.011164	-0.458779	-0.666464	-0.710361	0.693717	-0.701766	0.162116	0.620086	0.696423	0.361231	-0.366401	-0.150066	0.918276
19766	1.588550	3.563900	9.010970	0.004259	-0.009678	0.010891	-0.458882	-0.664276	-0.718102	0.693748	-0.701708	0.162233	0.620003	0.696489	0.361247	-0.366483	-0.150029	0.918249
19767	1.568930	3.530400	9.039190	0.002744	-0.011334	0.011948	-0.464868	-0.665023	-0.712202	0.693780	-0.701642	0.162381	0.619909	0.696568	0.361256	-0.366582	-0.149971	0.918219
19768	1.574660	3.513250	9.021880	-0.001801	-0.016305	0.015123	-0.461898	-0.669121	-0.723317	0.693829	-0.701538	0.162622	0.619768	0.696697	0.361249	-0.366728	-0.149857	0.918179
19769	1.594140	3.525100	9.048740	0.003807	-0.012775	0.012438	-0.460988	-0.660838	-0.731174	0.693859	-0.701471	0.162786	0.619666	0.696778	0.361268	-0.366844	-0.149796	0.918143
19770	1.632120	3.520130	9.027060	0.005418	-0.016481	0.015317	-0.461899	-0.666211	-0.716335	0.693956	-0.701329	0.162982	0.619600	0.696978	0.360994	-0.366770	-0.149530	0.918216
19771	1.644300	3.537320	9.012330	0.007899	-0.010901	0.010809	-0.455724	-0.662917	-0.715710	0.693983	-0.701269	0.163122	0.619495	0.697043	0.361050	-0.366896	-0.149509	0.918169
19772	1.573230	3.548260	9.054480	0.008838	-0.007793	0.011989	-0.464655	-0.665444	-0.718069	0.693999	-0.701243	0.163168	0.619448	0.697067	0.361084	-0.366947	-0.149518	0.918147
19773	1.610480	3.543840	9.032690	0.012417	-0.006745	0.012258	-0.460830	-0.661539	-0.720427	0.694050	-0.701168	0.163275	0.619317	0.697134	0.361179	-0.367071	-0.149557	0.918091
19774	1.585950	3.566770	9.039150	0.012478	-0.009018	0.011911	-0.467696	-0.660521	-0.717425	0.694142	-0.701036	0.163448	0.619159	0.697278	0.361172	-0.367163	-0.149504	0.918063
19775	1.602440	3.528590	9.045920	0.005319	-0.011110	0.011371	-0.457246	-0.667137	-0.719037	0.694172	-0.700973	0.163592	0.619060	0.697351	0.361202	-0.367274	-0.149463	0.918026
19776	1.593000	3.550710	9.021170	0.006903	-0.015629	0.018876	-0.467280	-0.660855	-0.723184	0.694265	-0.700826	0.163828	0.618892	0.697523	0.361157	-0.367382	-0.149347	0.918001
19777	1.605960	3.529330	9.045010	0.008384	-0.010884	0.013532	-0.466392	-0.664576	-0.719516	0.694309	-0.700747	0.163978	0.618766	0.697607	0.361211	-0.367510	-0.149328	0.917953
19778	1.596510	3.551530	9.020230	0.005413	-0.016467	0.015303	-0.466586	-0.669979	-0.716276	0.694459	-0.700516	0.164330	0.618524	0.697883	0.361093	-0.367634	-0.149122	0.917937
19779	1.641650	3.541760	9.039870	0.005806	-0.011095	0.014095	-0.467104	-0.666641	-0.714753	0.694507	-0.700432	0.164486	0.618403	0.697976	0.361121	-0.367748	-0.149082	0.917898
19780	1.606180	3.585880	9.022230	0.005258	-0.008830	0.011708	-0.469000	-0.665180	-0.716465	0.694549	-0.700354	0.164640	0.618240	0.698043	0.361268	-0.367941	-0.149131	0.917812
19781	1.564860	3.557470	9.040490	0.001738	-0.012149	0.011094	-0.459256	-0.671161	-0.718512	0.694574	-0.700292	0.164795	0.618155	0.698121	0.361265	-0.368038	-0.149056	0.917786
19782	1.624410	3.546830	9.029020	-0.005876	-0.017334	0.012108	-0.466505	-0.659716	-0.715872	0.694557	-0.700275	0.164940	0.618134	0.698166	0.361214	-0.368105	-0.148929	0.917779
19783	1.615990	3.529520	9.043140	-0.000747	-0.017718	0.015594	-0.463231	-0.666669	-0.717825	0.694589	-0.700191	0.165163	0.618026	0.698278	0.361181	-0.368226	-0.148798	0.917752
19784	1.686870	3.496720	9.056050	-0.010064	-0.013838	0.009797	-0.458592	-0.670844	-0.715930	0.694635	-0.700097	0.165368	0.617961	0.698417	0.361023	-0.368247	-0.148588	0.917778
19785	1.741160	3.541540	9.023170	0.002587	-0.003683	0.008335	-0.466311	-0.670335	-0.716742	0.694674	-0.700042	0.165436	0.617892	0.698474	0.361032	-0.368291	-0.148578	0.917762
19786	1.662020	3.556830	9.024450	-0.001086	0.000631	0.004134	-0.469506	-0.659226	-0.711733	0.694602	-0.700151	0.165277	0.618004	0.698344	0.361091	-0.368238	-0.148673	0.917767
19787	1.651380	3.539960	9.038800	-0.000118	0.004547	0.000691	-0.462471	-0.661688	-0.719747	0.694623	-0.700139	0.165240	0.617998	0.698350	0.361089	-0.368208	-0.148703	0.917775
19788	1.639740	3.561590	9.014650	-0.003757	0.005777	0.000770	-0.458757	-0.661503	-0.720916	0.694725	-0.700020	0.165314	0.617906	0.698483	0.360990	-0.368169	-0.148640	0.917801
19789	1.567770	3.542580	8.982020	-0.003210	0.003514	0.003154	-0.460323	-0.665020	-0.712726	0.694759	-0.699991	0.165297	0.617894	0.698512	0.360955	-0.368127	-0.148641	0.917817
19790	1.528550	3.525720	9.059220	-0.006697	-0.002887	0.006820	-0.459567	-0.663372	-0.716025	0.694746	-0.700019	0.165233	0.618002	0.698506	0.360780	-0.367969	-0.148536	0.917898
19791	1.597910	3.531550	9.033660	-0.004423	-0.013402	0.011386	-0.467566	-0.671687	-0.717666	0.694768	-0.699958	0.165399	0.617938	0.698594	0.360720	-0.368035	-0.148410	0.917891
19792	1.677830	3.554240	8.993760	-0.005552	-0.005791	0.002339	-0.470570	-0.670286	-0.722297	0.694709	-0.700023	0.165371	0.618020	0.698537	0.360692	-0.368010	-0.148373	0.917907
19793	1.731800	3.560320	8.999710	-0.007337	0.004734	0.000503	-0.462900	-0.670798	-0.715481	0.694730	-0.700012	0.165331	0.618042	0.698552	0.360623	-0.367932	-0.148354	0.917942
19794	1.742030	3.538000	9.024390	-0.003967	0.015683	-0.002470	-0.471291	-0.662405	-0.711520	0.694725	-0.700066	0.165120	0.618119	0.698468	0.360654	-0.367813	-0.148492	0.917967
19795	1.693600	3.526190	9.060480	-0.004059	0.021043	-0.006404	-0.468601	-0.665607	-0.722205	0.694763	-0.700080	0.164904	0.618178	0.698429	0.360628	-0.367642	-0.148611	0.918016
19796	1.691040	3.526080	9.061000	-0.001633	0.028889	-0.010563	-0.457276	-0.665526	-0.716478	0.694870	-0.700005	0.164768	0.618110	0.698470	0.360666	-0.367554	-0.148771	0.918026
19797	1.601190	3.546150	9.021510	-0.004759	0.030945	-0.012385	-0.463783	-0.659255	-0.720723	0.694907	-0.700045	0.164441	0.618212	0.698391	0.360644	-0.367311	-0.148954	0.918093
19798	1.602040	3.528970	9.005060	-0.003211	0.029516	-0.009169	-0.466876	-0.671424	-0.716254	0.694954	-0.700083	0.164083	0.618368	0.698329	0.360496	-0.366961	-0.149065	0.918215
19799	1.612690	3.557730	9.049880	-0.004760	0.030952	-0.012396	-0.464717	-0.666749	-0.712883	0.694991	-0.700123	0.163756	0.618471	0.698250	0.360473	-0.366718	-0.149247	0.918283
19800	1.508990	3.539110	9.080320	-0.006853	0.030754	-0.009104	-0.469578	-0.660068	-0.712408	0.694998	-0.700192	0.163429	0.618541	0.698120	0.360604	-0.366585	-0.149532	0.918289
19801	1.474040	3.565580	9.046460	-0.003852	0.011143	-0.003175	-0.462146	-0.661055	-0.714087	0.695019	-0.700197	0.163316	0.618576	0.698103	0.360576	-0.366486	-0.149584	0.918321
19802	1.495110	3.560110	9.056780	-0.005306	0.003313	0.006445	-0.468343	-0.664838	-0.712103	0.695131	-0.700051	0.163466	0.618404	0.698255	0.360578	-0.366564	-0.149562	0.918293
19803	1.557320	3.532130	9.028680	-0.008159	-0.006822	0.007528	-0.457384	-0.665163	-0.716445	0.695153	-0.700008	0.163559	0.618379	0.698321	0.360494	-0.366565	-0.149457	0.918310
19804	1.608860	3.516470	9.090280	-0.005035	-0.008875	0.009348	-0.453288	-0.667341	-0.720921	0.695152	-0.699987	0.163649	0.618333	0.698348	0.360520	-0.366644	-0.149427	0.918283
19805	1.592320	3.504120	9.063100	-0.000394	-0.009273	0.010111	-0.471028	-0.669712	-0.720474	0.695181	-0.699930	0.163774	0.618262	0.698419	0.360504	-0.366710	-0.149360	0.918268
19806	1.640180	3.515390	9.027440	-0.001970	-0.008652	0.011512	-0.465039	-0.666194	-0.723638	0.695174	-0.699938	0.163769	0.618298	0.698423	0.360435	-0.366663	-0.149307	0.918295
19807	1.673280	3.526920	9.023140	0.000090	-0.005362	0.003935	-0.451017	-0.662429	-0.717068	0.695178	-0.699918	0.163834	0.618268	0.698450	0.360433	-0.366704	-0.149272	0.918284
19808	1.637610	3.532270	9.044310	0.003611	-0.002044	0.004550	-0.460462	-0.669656	-0.719660	0.695160	-0.699966	0.163708	0.618386	0.698409	0.360311	-0.366540	-0.149239	0.918355
19809	1.640820	3.554020	8.988640	-0.000178	0.006824	0.001034	-0.460011	-0.659017	-0.719247	0.695191	-0.699949	0.163649	0.618379	0.698416	0.360309	-0.366493	-0.149287	0.918366
19810	1.637070	3.532590	9.044290	0.006011	0.004992	0.005019	-0.460594	-0.671819	-0.714452	0.695218	-0.699950	0.163526	0.618419	0.698405	0.360262	-0.366373	-0.149333	0.918407
19811	1.614280	3.576680	8.995600	0.004403	0.008700	0.002140	-0.457789	-0.667257	-0.716118	0.695263	-0.699923	0.163453	0.618389	0.698412	0.360300	-0.366340	-0.149426	0.918405
19812	1.593090	3.504840	9.062680	0.003917	0.008690	-0.000590	-0.466007	-0.659047	-0.720317	0.695161	-0.700093	0.163163	0.618549	0.698196	0.360444	-0.366264	-0.149643	0.918400
19813	1.602930	3.521880	9.048450	0.001398	0.006204	-0.000369	-0.457273	-0.669827	-0.719502	0.695180	-0.700088	0.163102	0.618547	0.698189	0.360460	-0.366229	-0.149699	0.918404
19814	1.597660	3.577740	9.026980	0.003917	0.008691	-0.000591	-0.462939	-0.663845	-0.723990	0.695214	-0.700083	0.162978	0.618583	0.698183	0.360409	-0.366105	-0.149745	0.918446
19815	1.543650	3.532720	9.059730	0.001914	0.007027	-0.002264	-0.467771	-0.670069	-0.710284	0.695224	-0.700090	0.162902	0.618594	0.698162	0.360432	-0.366067	-0.149811	0.918451
19816	1.564540	3.566400	9.031190	0.001031	-0.002255	0.005117	-0.469593	-0.657854	-0.720637	0.695227	-0.700074	0.162961	0.618537	0.698173	0.360510	-0.366158	-0.149839	0.918410
19817	1.558570	3.532360	9.028380	-0.004582	-0.005775	0.007798	-0.460801	-0.666804	-0.713499	0.695253	-0.700030	0.163039	0.618501	0.698231	0.360458	-0.366170	-0.149770	0.918416
19818	1.577120	3.543850	9.055530	-0.003431	-0.008681	0.003321	-0.460495	-0.664332	-0.709237	0.695287	-0.699953	0.163224	0.618412	0.698335	0.360409	-0.366254	-0.149648	0.918403
19819	1.639900	3.516020	9.027240	-0.006526	-0.009713	0.005780	-0.467629	-0.663203	-0.713736	0.695286	-0.699929	0.163332	0.618397	0.698383	0.360342	-0.366282	-0.149537	0.918410
19820	1.668980	3.544050	9.040230	-0.007130	-0.005173	0.003738	-0.468253	-0.664363	-0.722376	0.695264	-0.699929	0.163425	0.618352	0.698384	0.360418	-0.366400	-0.149532	0.918363
19821	1.669490	3.543510	9.040350	-0.004037	-0.004140	0.001278	-0.464326	-0.661321	-0.717863	0.695256	-0.699928	0.163465	0.618358	0.698396	0.360383	-0.366405	-0.149478	0.918370
19822	1.641320	3.514300	9.027660	-0.006277	0.003296	0.000983	-0.462484	-0.667840	-0.723941	0.695331	-0.699838	0.163531	0.618310	0.698508	0.360249	-0.366344	-0.149379	0.918410
19823	1.640800	3.513750	9.027970	-0.006793	0.006374	-0.006026	-0.465048	-0.662673	-0.720807	0.695316	-0.699871	0.163450	0.618377	0.698474	0.360200	-0.366259	-0.149379	0.918444
19824	1.593620	3.501790	9.063770	-0.003213	0.003517	0.003148	-0.453361	-0.673377	-0.719248	0.695362	-0.699836	0.163405	0.618405	0.698522	0.360058	-0.366124	-0.149320	0.918508
19825	1.571570	3.506540	9.053910	-0.002756	0.006614	0.001599	-0.463395	-0.668655	-0.723760	0.695396	-0.699816	0.163349	0.618404	0.698536	0.360033	-0.366062	-0.149350	0.918528
19826	1.649860	3.529740	9.014290	0.000913	0.006195	-0.003098	-0.452007	-0.663065	-0.722403	0.695291	-0.699998	0.163015	0.618648	0.698328	0.360018	-0.365849	-0.149468	0.918593
19827	1.591030	3.540240	9.025630	0.002738	0.014684	-0.000393	-0.459568	-0.659990	-0.721849	0.695341	-0.699981	0.162875	0.618642	0.698318	0.360046	-0.365764	-0.149593	0.918607
19828	1.600430	3.557090	9.011560	-0.001299	0.010544	0.000884	-0.457231	-0.659245	-0.714610	0.695398	-0.699981	0.162629	0.618783	0.698324	0.359792	-0.365415	-0.149567	0.918750
19829	1.621200	3.551860	9.021840	-0.002300	0.009713	0.000047	-0.465390	-0.662672	-0.724004	0.695433	-0.699968	0.162535	0.618795	0.698325	0.359771	-0.365330	-0.149621	0.918775
19830	1.641720	3.546470	9.032240	-0.005969	0.014034	-0.004162	-0.460406	-0.668795	-0.720938	0.695502	-0.699929	0.162406	0.618837	0.698366	0.359617	-0.365126	-0.149612	0.918858
19831	1.686940	3.557490	8.997190	-0.007030	0.015479	-0.004656	-0.462456	-0.666651	-0.724588	0.695529	-0.699940	0.162242	0.618899	0.698342	0.359560	-0.364971	-0.149673	0.918909
19832	1.707090	3.513220	9.046430	-0.008724	0.024555	-0.011475	-0.462743	-0.669414	-0.724109	0.695510	-0.700043	0.161879	0.619108	0.698217	0.359443	-0.364652	-0.149776	0.919019
19833	1.628450	3.511260	9.031170	-0.004201	0.032613	-0.018931	-0.465685	-0.663341	-0.713786	0.695511	-0.700129	0.161505	0.619258	0.698088	0.359434	-0.364395	-0.149977	0.919088
19834	1.509440	3.531760	9.054120	-0.002204	0.030377	-0.008356	-0.459894	-0.668765	-0.718733	0.695549	-0.700158	0.161218	0.619313	0.698012	0.359486	-0.364229	-0.150196	0.919118
19835	1.492340	3.531810	9.085910	-0.003481	0.019619	-0.008675	-0.463339	-0.660589	-0.723166	0.695565	-0.700191	0.161000	0.619390	0.697953	0.359468	-0.364067	-0.150311	0.919164
19836	1.475680	3.570480	9.078990	-0.001787	0.010541	-0.001854	-0.454949	-0.659362	-0.718994	0.695596	-0.700186	0.160890	0.619423	0.697951	0.359417	-0.363952	-0.150350	0.919203
19837	1.497700	3.536030	9.013720	-0.004735	0.001862	0.004199	-0.471353	-0.667090	-0.724656	0.695628	-0.700156	0.160882	0.619414	0.697984	0.359366	-0.363906	-0.150332	0.919224
19838	1.563040	3.520290	9.044150	-0.006165	-0.005161	0.009195	-0.466532	-0.665880	-0.718490	0.695710	-0.700044	0.161019	0.619331	0.698126	0.359234	-0.363891	-0.150198	0.919252
19839	1.610410	3.531030	9.008920	-0.009772	-0.003113	0.004637	-0.463812	-0.661182	-0.723347	0.695726	-0.700018	0.161059	0.619338	0.698170	0.359136	-0.363848	-0.150110	0.919283
19840	1.618150	3.525280	9.050540	-0.007166	-0.005993	0.008356	-0.461840	-0.659260	-0.723971	0.695797	-0.699906	0.161238	0.619230	0.698310	0.359050	-0.363895	-0.149982	0.919285
19841	1.648120	3.485590	9.026650	-0.005796	0.003307	0.003704	-0.459082	-0.663291	-0.711271	0.695832	-0.699877	0.161217	0.619229	0.698343	0.358990	-0.363833	-0.149966	0.919313
19842	1.639760	3.519070	9.061080	-0.004244	0.005778	-0.001977	-0.456041	-0.661888	-0.718948	0.695848	-0.699872	0.161165	0.619251	0.698347	0.358942	-0.363763	-0.149968	0.919340
19843	1.595730	3.529070	9.041090	0.000853	0.008476	-0.002758	-0.458806	-0.666834	-0.728271	0.695861	-0.699880	0.161073	0.619270	0.698325	0.358953	-0.363706	-0.150034	0.919352
19844	1.627440	3.502380	9.075580	0.003795	0.013249	0.000097	-0.464258	-0.663587	-0.715667	0.695889	-0.699909	0.160829	0.619376	0.698279	0.358861	-0.363473	-0.150114	0.919431
19845	1.582810	3.513080	9.055410	0.008893	0.015948	-0.000684	-0.465017	-0.665571	-0.721843	0.695942	-0.699892	0.160674	0.619352	0.698258	0.358941	-0.363412	-0.150288	0.919426
19846	1.549380	3.502080	9.059460	0.007918	0.012025	0.002759	-0.452604	-0.660444	-0.718533	0.696006	-0.699835	0.160641	0.619245	0.698281	0.359081	-0.363470	-0.150446	0.919378
19847	1.597630	3.564950	9.043950	0.004373	0.011798	-0.002143	-0.455759	-0.668611	-0.723786	0.696035	-0.699834	0.160520	0.619247	0.698257	0.359123	-0.363411	-0.150561	0.919382
19848	1.590130	3.531690	9.041050	0.006978	0.008918	0.001578	-0.458413	-0.662849	-0.721011	0.696016	-0.699914	0.160256	0.619383	0.698153	0.359091	-0.363216	-0.150674	0.919441
19849	1.553250	3.537210	9.062250	-0.000182	0.006831	0.001026	-0.457834	-0.660362	-0.714275	0.696047	-0.699899	0.160190	0.619381	0.698158	0.359086	-0.363162	-0.150722	0.919454
19850	1.584990	3.548970	9.058210	0.001362	0.005395	0.004252	-0.454459	-0.659260	-0.717868	0.696085	-0.699876	0.160126	0.619372	0.698171	0.359075	-0.363103	-0.150769	0.919470
19851	1.552620	3.537170	9.062380	-0.001579	0.000621	0.001399	-0.453131	-0.661516	-0.721595	0.696095	-0.699867	0.160119	0.619373	0.698180	0.359056	-0.363083	-0.150764	0.919478
19852	1.541530	3.558780	9.038150	-0.003158	0.001242	0.002797	-0.454122	-0.660648	-0.720363	0.696106	-0.699883	0.160000	0.619472	0.698175	0.358896	-0.362893	-0.150714	0.919562
19853	1.606540	3.543370	9.068550	-0.001518	-0.001656	0.001057	-0.456553	-0.669785	-0.717580	0.696105	-0.699881	0.160012	0.619475	0.698182	0.358877	-0.362888	-0.150693	0.919567
19854	1.599470	3.548090	9.027200	-0.002544	0.000604	-0.004064	-0.462172	-0.661524	-0.719560	0.695998	-0.700028	0.159837	0.619660	0.698029	0.358856	-0.362780	-0.150718	0.919606
19855	1.631960	3.520960	9.061750	-0.003122	0.002057	-0.001828	-0.464064	-0.662437	-0.719754	0.695992	-0.700041	0.159803	0.619690	0.698017	0.358827	-0.362738	-0.150712	0.919623
19856	1.617040	3.520960	9.093180	-0.001604	0.003713	-0.002885	-0.467050	-0.668820	-0.711954	0.696033	-0.699990	0.159851	0.619632	0.698071	0.358821	-0.362758	-0.150702	0.919617
19857	1.594770	3.525910	9.083230	-0.001725	0.008268	-0.002201	-0.463151	-0.664058	-0.721680	0.696048	-0.699996	0.159759	0.619660	0.698055	0.358805	-0.362682	-0.150750	0.919639
19858	1.550800	3.535910	9.063180	-0.001182	0.005999	0.000188	-0.457804	-0.661677	-0.722376	0.696034	-0.700006	0.159774	0.619606	0.698023	0.358960	-0.362800	-0.150852	0.919576
19859	1.521710	3.545580	9.011840	-0.004701	0.002679	-0.000430	-0.460395	-0.666365	-0.722195	0.696040	-0.700008	0.159740	0.619632	0.698023	0.358916	-0.362746	-0.150840	0.919599
19860	1.575560	3.551740	9.018050	-0.006677	-0.002078	0.002178	-0.457874	-0.668847	-0.721938	0.696045	-0.700007	0.159725	0.619683	0.698042	0.358790	-0.362650	-0.150755	0.919651
19861	1.565880	3.495770	9.070930	-0.003555	-0.004136	0.004006	-0.458717	-0.661870	-0.718204	0.696053	-0.699989	0.159769	0.619673	0.698072	0.358749	-0.362650	-0.150703	0.919659
19862	1.609180	3.524010	9.052640	-0.001976	-0.004757	0.002608	-0.462244	-0.663742	-0.722004	0.696003	-0.700045	0.159740	0.619740	0.698020	0.358735	-0.362632	-0.150683	0.919670
19863	1.573280	3.528850	9.073920	-0.006159	-0.001254	0.000284	-0.456328	-0.671167	-0.716078	0.695999	-0.700048	0.159744	0.619766	0.698027	0.358676	-0.362596	-0.150634	0.919692
19864	1.587890	3.528190	9.042810	-0.004641	0.000402	-0.000772	-0.460721	-0.666727	-0.727328	0.695912	-0.700156	0.159647	0.619877	0.697911	0.358711	-0.362573	-0.150670	0.919695
19865	1.581120	3.532500	9.001590	-0.008135	-0.006010	0.002891	-0.456855	-0.665390	-0.724083	0.695907	-0.700149	0.159703	0.619892	0.697939	0.358630	-0.362557	-0.150574	0.919717
19866	1.617660	3.526440	8.980660	-0.009799	-0.000019	0.000348	-0.456106	-0.657260	-0.725977	0.695903	-0.700172	0.159619	0.620004	0.697937	0.358439	-0.362373	-0.150474	0.919806
19867	1.638220	3.549520	9.066720	-0.011247	-0.000042	-0.007846	-0.455285	-0.663464	-0.717307	0.695852	-0.700231	0.159582	0.620106	0.697895	0.358346	-0.362296	-0.150398	0.919849
19868	1.619830	3.536630	9.040040	-0.014938	0.007380	-0.016348	-0.463903	-0.660317	-0.722121	0.695805	-0.700321	0.159393	0.620320	0.697825	0.358111	-0.362021	-0.150301	0.919973
19869	1.744840	3.493320	9.042850	-0.012470	0.016059	-0.025134	-0.460433	-0.660103	-0.713922	0.695705	-0.700476	0.159144	0.620546	0.697663	0.358034	-0.361823	-0.150329	0.920046
19870	1.662850	3.469370	9.083110	-0.010644	0.028472	-0.031345	-0.452998	-0.668155	-0.721280	0.695653	-0.700590	0.158875	0.620711	0.697526	0.358016	-0.361641	-0.150439	0.920100
19871	1.632480	3.529810	9.052460	-0.007697	0.037167	-0.037409	-0.453164	-0.665381	-0.722081	0.695553	-0.700798	0.158389	0.621006	0.697271	0.358001	-0.361327	-0.150648	0.920189
19872	1.548460	3.544890	9.054240	-0.008254	0.035531	-0.030899	-0.455623	-0.666435	-0.724244	0.695390	-0.701101	0.157762	0.621431	0.696916	0.357956	-0.360910	-0.150881	0.920314
19873	1.422110	3.530980	9.074270	-0.013290	0.030558	-0.030477	-0.461169	-0.667759	-0.718620	0.695309	-0.701272	0.157361	0.621698	0.696717	0.357879	-0.360606	-0.151005	0.920413
