// Start Time: Unknown
// Update Rate: 100.0Hz
// Filter Profile: human (46.1)
// Firmware Version: 4.6.0
PacketCounter	Acc_X	Acc_Y	Acc_Z	Gyr_X	Gyr_Y	Gyr_Z	Mag_X	Mag_Y	Mag_Z	Mat[1][1]	Mat[2][1]	Mat[3][1]	Mat[1][2]	Mat[2][2]	Mat[3][2]	Mat[1][3]	Mat[2][3]	Mat[3][3]
19648	-9.548340	1.732040	-1.264300	0.026408	-0.006661	-0.006517	1.014355	-0.482848	0.134693	0.189402	-0.116246	-0.974994	0.350102	-0.919708	0.177665	-0.917363	-0.374998	-0.133497
19649	-9.580650	1.796110	-1.274350	0.031484	-0.017319	-0.004769	1.008803	-0.483582	0.138011	0.189227	-0.116267	-0.975026	0.349823	-0.919832	0.177577	-0.917506	-0.374688	-0.133384
19650	-9.596420	1.817350	-1.313930	0.024193	-0.013263	-0.012263	1.012082	-0.486034	0.128249	0.189063	-0.116192	-0.975066	0.349621	-0.919940	0.177413	-0.917617	-0.374446	-0.133304
19651	-9.596590	1.785670	-1.330140	0.018251	-0.005933	-0.012712	1.009881	-0.487381	0.128979	0.188964	-0.116097	-0.975097	0.349478	-0.920023	0.177265	-0.917692	-0.374271	-0.133278
19652	-9.638380	1.780100	-1.287060	0.007472	-0.004001	-0.011204	1.010013	-0.480004	0.131563	0.188890	-0.116011	-0.975122	0.349430	-0.920064	0.177149	-0.917725	-0.374198	-0.133253
19653	-9.589220	1.741830	-1.326030	-0.002720	-0.003578	-0.011832	1.011951	-0.483920	0.129466	0.188816	-0.115916	-0.975147	0.349477	-0.920067	0.177037	-0.917722	-0.374219	-0.133213
19654	-9.533370	1.682350	-1.291070	0.000687	-0.002971	-0.012615	1.019538	-0.483202	0.128949	0.188745	-0.115814	-0.975173	0.349495	-0.920084	0.176917	-0.917730	-0.374210	-0.133185
19655	-9.541760	1.591900	-1.307680	0.000368	-0.001851	-0.008928	1.001431	-0.482372	0.124014	0.188697	-0.115739	-0.975191	0.349508	-0.920095	0.176829	-0.917735	-0.374204	-0.133167
19656	-9.574650	1.585720	-1.298120	0.006567	-0.001372	-0.005382	1.007099	-0.487209	0.121328	0.188662	-0.115689	-0.975204	0.349459	-0.920127	0.176761	-0.917761	-0.374142	-0.133165
19657	-9.614540	1.661570	-1.329110	0.014991	-0.002488	0.002368	1.018216	-0.489963	0.134503	0.188648	-0.115720	-0.975203	0.349317	-0.920181	0.176764	-0.917818	-0.374001	-0.133167
19658	-9.655550	1.758110	-1.289720	0.014107	-0.002836	0.005929	1.013570	-0.488636	0.129086	0.188634	-0.115763	-0.975201	0.349178	-0.920231	0.176779	-0.917874	-0.373865	-0.133165
19659	-9.641170	1.917500	-1.148630	0.010402	-0.005300	0.008140	1.014570	-0.476380	0.126303	0.188614	-0.115857	-0.975193	0.349067	-0.920260	0.176845	-0.917920	-0.373763	-0.133132
19660	-9.641320	1.948270	-1.131270	0.012401	-0.012462	0.006272	1.016438	-0.489741	0.135020	0.188502	-0.115961	-0.975203	0.348944	-0.920299	0.176882	-0.917989	-0.373634	-0.133015
19661	-9.650590	1.849300	-1.093110	0.019763	-0.020224	0.006271	1.018331	-0.487223	0.134308	0.188338	-0.116094	-0.975218	0.348751	-0.920366	0.176917	-0.918097	-0.373429	-0.132852
19662	-9.634540	1.706560	-1.117560	0.042947	-0.029400	0.010319	1.015332	-0.487616	0.130513	0.188059	-0.116342	-0.975243	0.348346	-0.920506	0.176984	-0.918308	-0.373005	-0.132582
19663	-9.626040	1.705610	-1.148670	0.056849	-0.035567	0.007202	1.014671	-0.490364	0.129946	0.187757	-0.116541	-0.975277	0.347810	-0.920710	0.176979	-0.918573	-0.372440	-0.132336
19664	-9.576350	1.738770	-1.205640	0.060242	-0.040190	0.007150	1.008201	-0.486987	0.124773	0.187328	-0.116804	-0.975328	0.347258	-0.920917	0.176984	-0.918869	-0.371845	-0.131953
19665	-9.484620	1.655080	-1.372540	0.049482	-0.027813	0.007213	1.014716	-0.481419	0.127424	0.187098	-0.116974	-0.975352	0.346790	-0.921092	0.176990	-0.919092	-0.371357	-0.131769
19666	-9.532900	1.611190	-1.434990	0.037646	-0.027309	0.000255	1.008177	-0.482809	0.131035	0.186763	-0.117116	-0.975399	0.346459	-0.921225	0.176949	-0.919286	-0.370983	-0.131475
19667	-9.565170	1.645070	-1.461350	0.039120	-0.009836	-0.005368	1.019310	-0.491830	0.119754	0.186654	-0.117103	-0.975422	0.346109	-0.921376	0.176845	-0.919439	-0.370611	-0.131448
19668	-9.589590	1.667620	-1.468210	0.019307	-0.007514	-0.006491	1.015935	-0.481700	0.136200	0.186511	-0.117067	-0.975453	0.345953	-0.921456	0.176734	-0.919527	-0.370424	-0.131362
19669	-9.590270	1.757400	-1.417920	0.008578	-0.006314	-0.010222	1.011911	-0.488845	0.132909	0.186417	-0.116996	-0.975480	0.345894	-0.921500	0.176623	-0.919568	-0.370338	-0.131315
19670	-9.590760	1.786720	-1.400130	-0.012385	-0.017372	-0.010129	1.013672	-0.482648	0.128125	0.186211	-0.116939	-0.975526	0.346027	-0.921471	0.176510	-0.919560	-0.370426	-0.131124
19671	-9.544670	1.749360	-1.260150	-0.018864	-0.009265	-0.013700	1.010785	-0.483912	0.123016	0.186078	-0.116847	-0.975562	0.346226	-0.921418	0.176401	-0.919512	-0.370589	-0.131000
19672	-9.579200	1.662840	-1.175350	-0.023977	-0.006072	-0.011756	1.010523	-0.477537	0.133444	0.185984	-0.116743	-0.975593	0.346469	-0.921345	0.176302	-0.919439	-0.370802	-0.130908
19673	-9.588150	1.663150	-1.140970	-0.013204	-0.008010	-0.013265	1.009163	-0.488481	0.123336	0.185865	-0.116651	-0.975626	0.346616	-0.921312	0.176189	-0.919409	-0.370915	-0.130806
19674	-9.703010	1.658460	-1.098280	0.000888	-0.007862	-0.005087	1.018789	-0.484437	0.123886	0.185736	-0.116610	-0.975656	0.346624	-0.921325	0.176103	-0.919431	-0.370894	-0.130704
19675	-9.695400	1.646790	-1.077260	0.015607	-0.009966	-0.004279	1.020556	-0.493903	0.127831	0.185630	-0.116607	-0.975676	0.346488	-0.921388	0.176041	-0.919504	-0.370739	-0.130634
19676	-9.613130	1.715050	-1.129190	0.020406	-0.012033	-0.002538	1.011945	-0.481162	0.126248	0.185395	-0.116602	-0.975722	0.346329	-0.921470	0.175924	-0.919612	-0.370536	-0.130453
19677	-9.530560	1.722770	-1.214480	0.016172	-0.008499	-0.004156	1.019043	-0.484904	0.123430	0.185302	-0.116595	-0.975740	0.346188	-0.921535	0.175862	-0.919683	-0.370377	-0.130398
19678	-9.586310	1.659170	-1.315710	0.000074	0.006721	-0.008954	1.017576	-0.484491	0.128020	0.185191	-0.116473	-0.975776	0.346232	-0.921547	0.175711	-0.919689	-0.370384	-0.130335
19679	-9.595000	1.659650	-1.283120	-0.000214	0.010089	-0.008254	1.016997	-0.482705	0.124400	0.185255	-0.116360	-0.975777	0.346249	-0.921556	0.175631	-0.919670	-0.370398	-0.130433
19680	-9.595200	1.689290	-1.266990	-0.012691	0.002398	-0.006379	1.019377	-0.483979	0.130980	0.185114	-0.116253	-0.975817	0.346404	-0.921523	0.175499	-0.919640	-0.370514	-0.130316
19681	-9.521160	1.698220	-1.319940	-0.030760	0.013597	-0.013097	1.012661	-0.485361	0.129482	0.185193	-0.116082	-0.975822	0.346711	-0.921424	0.175411	-0.919508	-0.370813	-0.130395
19682	-9.637430	1.643370	-1.188080	-0.028758	0.011651	-0.015681	1.014075	-0.485403	0.130754	0.185127	-0.115846	-0.975863	0.347018	-0.921348	0.175205	-0.919406	-0.371077	-0.130366
19683	-9.685800	1.659390	-1.219550	-0.001666	0.003058	-0.004081	1.011877	-0.484495	0.120980	0.185141	-0.115796	-0.975866	0.347041	-0.921346	0.175167	-0.919394	-0.371096	-0.130393
19684	-9.628170	1.680930	-1.259400	-0.014376	0.008436	-0.008204	1.016892	-0.477828	0.119780	0.185057	-0.115644	-0.975900	0.347217	-0.921309	0.175017	-0.919345	-0.371237	-0.130341
19685	-9.579030	1.673460	-1.282500	-0.034758	0.009274	-0.009443	1.022741	-0.477753	0.124866	0.185109	-0.115523	-0.975904	0.347554	-0.921190	0.174970	-0.919207	-0.371568	-0.130371
19686	-9.579250	1.703220	-1.266180	-0.029664	0.009063	-0.009131	1.019200	-0.484023	0.121356	0.184973	-0.115330	-0.975953	0.347886	-0.921100	0.174783	-0.919108	-0.371851	-0.130257
19687	-9.569430	1.681490	-1.370610	-0.035383	0.016742	-0.002795	1.015576	-0.486082	0.121869	0.185116	-0.115242	-0.975936	0.348217	-0.920972	0.174801	-0.918954	-0.372196	-0.130358
19688	-9.554380	1.749730	-1.280670	-0.036451	0.010086	-0.010535	1.014846	-0.486799	0.126940	0.185031	-0.115045	-0.975975	0.348629	-0.920846	0.174642	-0.918815	-0.372568	-0.130277
19689	-9.594900	1.755130	-1.291700	-0.030276	0.008327	-0.004012	1.019765	-0.483668	0.124740	0.185092	-0.114978	-0.975972	0.348916	-0.920738	0.174642	-0.918694	-0.372857	-0.130304
19690	-9.628720	1.769880	-1.211980	-0.029421	0.006428	-0.004590	1.017370	-0.484205	0.133365	0.185020	-0.114856	-0.976000	0.349222	-0.920640	0.174543	-0.918592	-0.373135	-0.130226
19691	-9.605200	1.706170	-1.167780	-0.027171	0.001855	-0.002644	1.013155	-0.480657	0.118428	0.185026	-0.114825	-0.976002	0.349477	-0.920542	0.174552	-0.918494	-0.373387	-0.130195
19692	-9.622170	1.648170	-1.134360	-0.024056	0.005830	-0.002725	1.007621	-0.474066	0.136336	0.184955	-0.114746	-0.976025	0.349716	-0.920464	0.174485	-0.918417	-0.373604	-0.130116
19693	-9.613420	1.647210	-1.167900	-0.009943	0.003004	0.003193	1.019181	-0.474044	0.121095	0.184992	-0.114765	-0.976016	0.349802	-0.920423	0.174529	-0.918377	-0.373699	-0.130126
19694	-9.637130	1.610830	-1.208830	0.000230	0.005568	0.006070	1.014541	-0.484199	0.126626	0.184922	-0.114738	-0.976032	0.349750	-0.920454	0.174469	-0.918411	-0.373630	-0.130083
19695	-9.604240	1.616790	-1.219010	0.007041	0.006787	0.004496	1.017983	-0.495624	0.128075	0.184998	-0.114753	-0.976016	0.349678	-0.920475	0.174502	-0.918423	-0.373573	-0.130160
19696	-9.570720	1.693470	-1.249780	0.011487	0.011800	0.014438	1.020568	-0.479383	0.126013	0.185000	-0.114801	-0.976010	0.349587	-0.920503	0.174535	-0.918457	-0.373489	-0.130160
19697	-9.544480	1.721010	-1.334580	0.008151	0.012701	0.007006	1.022530	-0.484426	0.128979	0.185140	-0.114817	-0.975982	0.349499	-0.920526	0.174592	-0.918462	-0.373429	-0.130298
19698	-9.559540	1.713820	-1.392850	-0.000356	0.007078	0.008204	1.015979	-0.487090	0.124888	0.185013	-0.114771	-0.976011	0.349517	-0.920536	0.174502	-0.918481	-0.373418	-0.130197
19699	-9.577870	1.737200	-1.256320	0.004174	0.005401	0.008389	1.019840	-0.480897	0.122526	0.185090	-0.114826	-0.975990	0.349464	-0.920542	0.174576	-0.918486	-0.373385	-0.130256
19700	-9.586200	1.708960	-1.239950	0.008699	-0.001499	0.009297	1.010822	-0.487537	0.130151	0.184953	-0.114872	-0.976011	0.349429	-0.920558	0.174562	-0.918527	-0.373333	-0.130121
19701	-9.620670	1.684410	-1.123170	0.017740	-0.001876	0.011928	1.016909	-0.485856	0.129652	0.184976	-0.114988	-0.975993	0.349245	-0.920611	0.174654	-0.918592	-0.373167	-0.130132
19702	-9.644920	1.739020	-1.113720	0.030207	-0.004623	0.011515	1.019753	-0.476084	0.130562	0.184887	-0.115082	-0.975999	0.348932	-0.920728	0.174664	-0.918729	-0.372850	-0.130074
19703	-9.627510	1.767570	-1.164220	0.037563	0.001038	0.012328	1.010434	-0.484462	0.126483	0.184938	-0.115191	-0.975976	0.348564	-0.920853	0.174734	-0.918859	-0.372505	-0.130150
19704	-9.610220	1.826370	-1.198440	0.030191	0.003575	0.013054	1.011746	-0.483903	0.129259	0.184857	-0.115260	-0.975983	0.348246	-0.920976	0.174724	-0.918995	-0.372182	-0.130110
19705	-9.608300	1.716210	-1.319520	0.010394	0.002906	0.009674	1.013415	-0.488850	0.128183	0.184916	-0.115337	-0.975963	0.348133	-0.921003	0.174803	-0.919026	-0.372089	-0.130156
19706	-9.631940	1.679860	-1.360910	-0.014455	0.015137	0.001548	1.018826	-0.491986	0.124978	0.184975	-0.115322	-0.975953	0.348263	-0.920949	0.174830	-0.918965	-0.372228	-0.130190
19707	-9.623130	1.678890	-1.394660	-0.026043	-0.000413	-0.001687	1.014375	-0.482608	0.125180	0.184965	-0.115306	-0.975957	0.348505	-0.920854	0.174846	-0.918875	-0.372467	-0.130141
19708	-9.525820	1.685280	-1.369870	-0.031090	0.017706	-0.007150	1.012996	-0.481945	0.128081	0.184974	-0.115183	-0.975970	0.348876	-0.920726	0.174785	-0.918733	-0.372824	-0.130126
19709	-9.502860	1.711990	-1.276630	-0.033642	0.015199	-0.006942	1.023948	-0.487745	0.127898	0.185089	-0.115062	-0.975962	0.349198	-0.920608	0.174760	-0.918587	-0.373151	-0.130215
19710	-9.569070	1.660800	-1.221270	-0.023486	0.007311	-0.002613	1.016527	-0.483562	0.127234	0.185021	-0.114965	-0.975987	0.349440	-0.920532	0.174677	-0.918509	-0.373367	-0.130144
19711	-9.626570	1.608490	-1.199130	-0.008199	0.006680	-0.001676	1.014200	-0.483555	0.125085	0.185076	-0.114923	-0.975981	0.349518	-0.920504	0.174670	-0.918468	-0.373450	-0.130195
19712	-9.619100	1.657980	-1.146040	0.005889	0.006825	0.006510	1.021755	-0.483591	0.121093	0.185049	-0.114928	-0.975986	0.349478	-0.920522	0.174658	-0.918489	-0.373406	-0.130177
19713	-9.650110	1.733330	-1.210950	0.016660	-0.000327	0.005723	1.016513	-0.481226	0.121793	0.185065	-0.114981	-0.975977	0.349314	-0.920577	0.174691	-0.918548	-0.373252	-0.130202
19714	-9.689710	1.779410	-1.259100	0.013578	0.003165	0.002100	1.011884	-0.479941	0.125505	0.184870	-0.114964	-0.976016	0.349305	-0.920598	0.174599	-0.918591	-0.373206	-0.130034
19715	-9.608830	1.798210	-1.221600	0.005379	0.009845	0.000423	1.026797	-0.484744	0.133162	0.184959	-0.114930	-0.976003	0.349256	-0.920618	0.174595	-0.918591	-0.373168	-0.130137
19716	-9.616870	1.708680	-1.239400	-0.003095	0.011692	-0.002086	1.013481	-0.490546	0.124786	0.184895	-0.114797	-0.976030	0.349275	-0.920638	0.174448	-0.918597	-0.373158	-0.130126
19717	-9.552110	1.679100	-1.222350	0.003442	0.008073	-0.004486	1.012918	-0.483931	0.127393	0.184951	-0.114724	-0.976029	0.349253	-0.920657	0.174396	-0.918594	-0.373135	-0.130209
19718	-9.575840	1.642100	-1.263740	0.009881	0.005923	0.003593	1.013595	-0.481581	0.127330	0.184961	-0.114788	-0.976019	0.349203	-0.920664	0.174454	-0.918611	-0.373096	-0.130203
19719	-9.560420	1.650290	-1.207280	0.014390	0.007222	0.006041	1.018679	-0.482284	0.128878	0.185046	-0.114816	-0.976000	0.349061	-0.920711	0.174493	-0.918648	-0.372972	-0.130296
19720	-9.607420	1.677550	-1.292960	0.016078	0.006404	0.007140	1.013166	-0.486419	0.129229	0.184993	-0.114808	-0.976011	0.348893	-0.920785	0.174441	-0.918723	-0.372793	-0.130283
19721	-9.591810	1.655750	-1.252870	-0.001470	0.001165	0.005694	1.015211	-0.479453	0.128275	0.185021	-0.114855	-0.976000	0.348897	-0.920773	0.174496	-0.918716	-0.372808	-0.130289
19722	-9.590860	1.696430	-1.290060	-0.022113	0.007619	0.002160	1.011105	-0.485912	0.126243	0.185010	-0.114809	-0.976007	0.349075	-0.920709	0.174474	-0.918650	-0.372979	-0.130263
19723	-9.591410	1.656840	-1.254450	-0.040797	0.031506	0.001374	1.015953	-0.480438	0.133879	0.185301	-0.114702	-0.975965	0.349448	-0.920556	0.174538	-0.918450	-0.373391	-0.130497
19724	-9.615070	1.650790	-1.280140	-0.040228	0.019551	0.000686	1.013504	-0.489813	0.125491	0.185424	-0.114587	-0.975955	0.349766	-0.920438	0.174522	-0.918304	-0.373716	-0.130592
19725	-9.574310	1.645750	-1.270590	-0.040817	0.021057	0.002823	1.012338	-0.482131	0.129688	0.185625	-0.114532	-0.975923	0.350136	-0.920282	0.174599	-0.918122	-0.374116	-0.130725
19726	-9.574220	1.676610	-1.255230	-0.026364	0.019345	0.002093	1.020609	-0.488869	0.125327	0.185759	-0.114486	-0.975903	0.350391	-0.920177	0.174644	-0.917998	-0.374389	-0.130816
19727	-9.573730	1.647060	-1.273230	-0.005453	0.012503	0.007179	1.014802	-0.476900	0.131566	0.185897	-0.114503	-0.975875	0.350428	-0.920149	0.174718	-0.917956	-0.374453	-0.130928
19728	-9.574200	1.768610	-1.208020	-0.000364	0.025709	0.008324	1.020165	-0.479800	0.129454	0.186008	-0.114391	-0.975867	0.350430	-0.920160	0.174656	-0.917933	-0.374460	-0.131071
19729	-9.605830	1.834250	-1.221350	-0.021275	0.032550	0.003238	1.014668	-0.487872	0.132233	0.186316	-0.114296	-0.975819	0.350619	-0.920077	0.174712	-0.917798	-0.374693	-0.131351
19730	-9.622180	1.716160	-1.224320	-0.018113	0.030571	-0.001357	1.012337	-0.487100	0.130302	0.186480	-0.114089	-0.975812	0.350762	-0.920044	0.174600	-0.917710	-0.374837	-0.131551
19731	-9.630920	1.586770	-1.206510	-0.005983	0.018498	0.003361	1.012073	-0.480120	0.131781	0.186659	-0.114047	-0.975783	0.350811	-0.920019	0.174636	-0.917655	-0.374912	-0.131721
19732	-9.629250	1.567190	-1.278600	0.006431	0.016479	0.008202	1.008270	-0.481438	0.126158	0.186797	-0.114023	-0.975759	0.350677	-0.920067	0.174648	-0.917678	-0.374800	-0.131881
19733	-9.580250	1.651760	-1.252570	0.016566	0.016785	0.014081	1.020602	-0.483874	0.130600	0.186999	-0.114085	-0.975713	0.350498	-0.920114	0.174759	-0.917705	-0.374665	-0.132074
19734	-9.530710	1.676260	-1.260360	0.025312	0.019765	0.017439	1.020132	-0.485740	0.136427	0.187100	-0.114119	-0.975690	0.350261	-0.920198	0.174795	-0.917775	-0.374450	-0.132198
19735	-9.586180	1.735820	-1.297370	0.027322	0.017826	0.014852	1.015692	-0.481155	0.135020	0.187313	-0.114184	-0.975641	0.349982	-0.920284	0.174898	-0.917838	-0.374218	-0.132419
19736	-9.641890	1.825440	-1.317540	0.026755	0.016357	0.014727	1.005904	-0.474013	0.140719	0.187426	-0.114094	-0.975630	0.349604	-0.920446	0.174802	-0.917959	-0.373847	-0.132627
19737	-9.617720	1.863280	-1.278710	0.012058	0.015487	0.011630	1.007543	-0.483628	0.129407	0.187607	-0.114136	-0.975590	0.349471	-0.920480	0.174892	-0.917972	-0.373752	-0.132802
19738	-9.559460	1.886010	-1.319200	0.010418	0.010355	0.006005	1.009536	-0.488743	0.127264	0.187746	-0.114059	-0.975573	0.349175	-0.920604	0.174831	-0.918057	-0.373469	-0.133013
19739	-9.609320	1.823010	-1.277500	0.013250	0.004274	0.005817	1.011694	-0.480845	0.132929	0.187806	-0.114087	-0.975558	0.349041	-0.920649	0.174860	-0.918096	-0.373349	-0.133082
19740	-9.551820	1.744880	-1.313400	0.014926	-0.001765	0.007635	1.016479	-0.482420	0.131170	0.187777	-0.114221	-0.975548	0.348898	-0.920685	0.174955	-0.918156	-0.373219	-0.133032
19741	-9.566600	1.707320	-1.387460	0.023984	-0.005127	0.008025	1.016293	-0.481430	0.129415	0.187758	-0.114305	-0.975541	0.348661	-0.920768	0.174993	-0.918250	-0.372990	-0.133028
19742	-9.573980	1.688690	-1.424390	0.017202	-0.004094	0.006603	1.016331	-0.482982	0.129482	0.187579	-0.114313	-0.975575	0.348545	-0.920827	0.174914	-0.918330	-0.372842	-0.132884
19743	-9.533450	1.683230	-1.413690	0.016092	0.003410	0.004911	1.011983	-0.486221	0.130389	0.187626	-0.114335	-0.975563	0.348387	-0.920883	0.174930	-0.918381	-0.372695	-0.132948
19744	-9.558850	1.727450	-1.351240	0.003626	0.006169	0.005298	1.013727	-0.482063	0.132169	0.187624	-0.114365	-0.975560	0.348389	-0.920877	0.174958	-0.918380	-0.372701	-0.132935
19745	-9.583890	1.711200	-1.321940	-0.015574	0.004009	-0.000262	1.013129	-0.485408	0.126854	0.187657	-0.114337	-0.975557	0.348532	-0.920822	0.174966	-0.918319	-0.372846	-0.132949
19746	-9.543320	1.705960	-1.311310	-0.035170	0.011899	0.004651	1.015252	-0.487013	0.129301	0.187701	-0.114335	-0.975549	0.348895	-0.920671	0.175033	-0.918172	-0.373218	-0.132920
19747	-9.609300	1.595280	-1.289760	-0.028619	0.013495	0.001544	1.016773	-0.487522	0.128716	0.187827	-0.114289	-0.975530	0.349155	-0.920565	0.175075	-0.918048	-0.373495	-0.133002
19748	-9.615450	1.617220	-1.364600	-0.020477	0.012760	0.007758	1.015201	-0.481980	0.132288	0.187893	-0.114349	-0.975510	0.349419	-0.920442	0.175195	-0.917934	-0.373780	-0.132989
19749	-9.665910	1.645480	-1.272660	-0.022465	0.011723	0.008084	1.004734	-0.479197	0.129845	0.188025	-0.114370	-0.975482	0.349610	-0.920350	0.175294	-0.917834	-0.373998	-0.133064
19750	-9.656780	1.645270	-1.306630	-0.015660	0.007713	0.007246	1.019031	-0.493423	0.131246	0.188067	-0.114327	-0.975479	0.349698	-0.920319	0.175282	-0.917792	-0.374088	-0.133102
19751	-9.633110	1.713130	-1.249180	-0.002651	-0.004018	0.008417	1.018921	-0.492064	0.141561	0.188056	-0.114409	-0.975472	0.349707	-0.920302	0.175356	-0.917791	-0.374106	-0.133058
19752	-9.598940	1.729530	-1.311780	-0.001555	-0.003330	0.011653	1.006458	-0.483870	0.141096	0.188158	-0.114510	-0.975440	0.349621	-0.920311	0.175479	-0.917803	-0.374053	-0.133128
19753	-9.575060	1.767400	-1.270630	-0.003807	-0.003976	0.010424	1.013272	-0.484465	0.132607	0.188156	-0.114612	-0.975429	0.349636	-0.920287	0.175576	-0.917797	-0.374080	-0.133085
19754	-9.566230	1.797460	-1.286910	0.008636	-0.003762	0.012299	1.007797	-0.484710	0.134350	0.188268	-0.114632	-0.975405	0.349345	-0.920394	0.175595	-0.917885	-0.373812	-0.133234
19755	-9.541990	1.774770	-1.279290	0.010080	-0.007168	0.009583	1.014215	-0.479139	0.134469	0.188236	-0.114735	-0.975399	0.349232	-0.920423	0.175665	-0.917935	-0.373707	-0.133187
19756	-9.567060	1.759040	-1.249200	0.019114	-0.007559	0.012237	1.011828	-0.482724	0.130557	0.188202	-0.114749	-0.975404	0.348937	-0.920543	0.175621	-0.918054	-0.373407	-0.133208
19757	-9.583280	1.742120	-1.252400	0.029591	-0.011358	0.012175	1.013707	-0.491690	0.123000	0.188141	-0.114890	-0.975399	0.348640	-0.920643	0.175688	-0.918179	-0.373117	-0.133155
19758	-9.573110	1.751480	-1.339120	0.029075	-0.005362	0.008352	1.015432	-0.484027	0.127564	0.188013	-0.115090	-0.975400	0.348489	-0.920678	0.175806	-0.918263	-0.372970	-0.132992
19759	-9.615020	1.807930	-1.263430	0.014445	0.006464	0.000832	1.014920	-0.483445	0.137096	0.188075	-0.115063	-0.975391	0.348353	-0.920734	0.175784	-0.918302	-0.372841	-0.133084
19760	-9.598230	1.765460	-1.293970	-0.007680	0.008887	0.003680	1.013388	-0.489921	0.132882	0.188080	-0.114964	-0.975402	0.348422	-0.920723	0.175703	-0.918275	-0.372898	-0.133113
19761	-9.605330	1.716530	-1.348530	-0.030828	0.015109	-0.002668	1.008395	-0.480592	0.129733	0.188208	-0.114870	-0.975388	0.348708	-0.920614	0.175705	-0.918140	-0.373195	-0.133210
19762	-9.680860	1.666760	-1.259780	-0.022308	-0.000895	-0.006212	1.014137	-0.480835	0.136761	0.188162	-0.114827	-0.975402	0.348915	-0.920541	0.175677	-0.918070	-0.373388	-0.133147
19763	-9.556830	1.608650	-1.367230	-0.027993	0.000830	-0.004399	1.014566	-0.483702	0.120946	0.188154	-0.114771	-0.975411	0.349178	-0.920445	0.175659	-0.917972	-0.373643	-0.133110
19764	-9.598920	1.664860	-1.290630	-0.029982	-0.000206	-0.004073	1.012542	-0.477401	0.132311	0.187966	-0.114660	-0.975460	0.349560	-0.920323	0.175538	-0.917865	-0.373977	-0.132909
19765	-9.573780	1.681620	-1.319800	-0.022105	-0.000558	0.000588	1.014955	-0.489555	0.139609	0.187960	-0.114655	-0.975462	0.349761	-0.920242	0.175559	-0.917790	-0.374177	-0.132867
19766	-9.566270	1.701140	-1.282490	-0.026392	0.003709	0.004213	1.012171	-0.481498	0.136723	0.188034	-0.114515	-0.975464	0.349861	-0.920221	0.175470	-0.917737	-0.374271	-0.132968
19767	-9.573740	1.713150	-1.302900	-0.023006	0.007286	0.005701	1.007717	-0.490422	0.133471	0.188118	-0.114525	-0.975446	0.350060	-0.920132	0.175541	-0.917643	-0.374487	-0.133003
19768	-9.549480	1.690380	-1.295670	-0.018492	0.000382	0.006608	1.015034	-0.484623	0.125816	0.188254	-0.114541	-0.975418	0.350060	-0.920119	0.175609	-0.917615	-0.374514	-0.133120
19769	-9.606250	1.709640	-1.293300	-0.012868	-0.000616	0.010038	1.007752	-0.478252	0.120988	0.188283	-0.114620	-0.975403	0.350157	-0.920063	0.175708	-0.917573	-0.374627	-0.133098
19770	-9.670630	1.740160	-1.311150	-0.012278	-0.002123	0.007902	1.013389	-0.486446	0.138990	0.188032	-0.114722	-0.975440	0.350498	-0.919924	0.175757	-0.917494	-0.374938	-0.132765
19771	-9.622640	1.754080	-1.262970	-0.022153	0.005388	0.005123	1.016127	-0.479628	0.134215	0.188095	-0.114733	-0.975426	0.350691	-0.919839	0.175820	-0.917407	-0.375144	-0.132781
19772	-9.555570	1.775640	-1.335740	-0.031461	0.014364	0.002475	1.013019	-0.484500	0.135736	0.188255	-0.114482	-0.975425	0.350821	-0.919819	0.175664	-0.917325	-0.375269	-0.132998
19773	-9.589270	1.730550	-1.290300	-0.035968	0.013074	0.000019	1.011431	-0.483467	0.128335	0.188372	-0.114415	-0.975410	0.351149	-0.919688	0.175693	-0.917175	-0.375610	-0.133066
19774	-9.605210	1.683250	-1.311500	-0.031766	0.012503	0.003904	1.006709	-0.483294	0.129710	0.188474	-0.114326	-0.975401	0.351398	-0.919595	0.175685	-0.917059	-0.375866	-0.133146
19775	-9.564600	1.678020	-1.301120	-0.029755	0.010566	0.001314	1.014488	-0.484364	0.126701	0.188573	-0.114280	-0.975387	0.351666	-0.919486	0.175718	-0.916936	-0.376146	-0.133201
19776	-9.564610	1.708690	-1.284840	-0.017877	0.009310	0.003058	1.005880	-0.485450	0.128295	0.188577	-0.114273	-0.975387	0.351896	-0.919392	0.175747	-0.916847	-0.376377	-0.133164
19777	-9.555920	1.768530	-1.284780	-0.019617	0.002662	0.005642	1.009264	-0.484587	0.128452	0.188618	-0.114296	-0.975377	0.352064	-0.919316	0.175809	-0.916774	-0.376556	-0.133160
19778	-9.621300	1.728290	-1.282630	-0.012524	-0.004710	0.004078	1.015779	-0.486263	0.130810	0.188571	-0.114416	-0.975372	0.352191	-0.919246	0.175922	-0.916735	-0.376691	-0.133047
19779	-9.597070	1.674880	-1.291480	-0.005983	-0.008328	0.001676	1.009535	-0.491245	0.131134	0.188496	-0.114445	-0.975383	0.352242	-0.919225	0.175928	-0.916731	-0.376732	-0.132958
19780	-9.539450	1.757630	-1.295680	-0.007443	-0.010148	0.005106	1.007873	-0.490027	0.129130	0.188458	-0.114570	-0.975376	0.352269	-0.919194	0.176035	-0.916728	-0.376769	-0.132870
19781	-9.515540	1.764590	-1.270880	-0.015329	-0.001600	0.002013	1.018905	-0.486261	0.130956	0.188447	-0.114578	-0.975377	0.352404	-0.919138	0.176057	-0.916678	-0.376904	-0.132831
19782	-9.524210	1.735980	-1.254160	-0.011941	0.001975	0.003505	1.009918	-0.484252	0.133169	0.188472	-0.114628	-0.975366	0.352510	-0.919084	0.176130	-0.916632	-0.377022	-0.132815
19783	-9.613490	1.689210	-1.276350	0.001321	-0.001962	0.007766	1.016900	-0.486880	0.127399	0.188479	-0.114690	-0.975357	0.352482	-0.919084	0.176187	-0.916642	-0.377003	-0.132802
19784	-9.694530	1.762070	-1.264380	0.003007	-0.002785	0.008864	1.019829	-0.484356	0.130554	0.188434	-0.114728	-0.975362	0.352445	-0.919095	0.176200	-0.916665	-0.376963	-0.132754
19785	-9.646770	1.805910	-1.198850	0.009796	-0.012016	0.008719	1.014660	-0.488037	0.128263	0.188351	-0.114836	-0.975365	0.352337	-0.919126	0.176254	-0.916724	-0.376855	-0.132658
19786	-9.563410	1.815010	-1.283250	0.007581	-0.010408	0.004515	1.007605	-0.484886	0.134700	0.188153	-0.114848	-0.975402	0.352334	-0.919140	0.176188	-0.916766	-0.376817	-0.132475
19787	-9.589730	1.758590	-1.216100	0.004412	-0.008436	0.009116	1.014195	-0.481440	0.123540	0.188104	-0.114946	-0.975400	0.352275	-0.919150	0.176253	-0.916798	-0.376763	-0.132403
19788	-9.555310	1.714660	-1.311980	0.005834	-0.008867	0.008662	1.016609	-0.477269	0.126128	0.187968	-0.114996	-0.975420	0.352224	-0.919172	0.176240	-0.916846	-0.376694	-0.132271
19789	-9.546120	1.653900	-1.378410	0.009548	-0.006404	0.006461	1.014069	-0.486117	0.132632	0.187927	-0.115061	-0.975420	0.352123	-0.919205	0.176271	-0.916893	-0.376594	-0.132228
19790	-9.555080	1.685630	-1.327990	0.019455	-0.003479	0.007817	1.020804	-0.478614	0.130513	0.187757	-0.114976	-0.975463	0.351994	-0.919286	0.176106	-0.916977	-0.376423	-0.132131
19791	-9.580570	1.759930	-1.248200	0.021726	0.002384	0.008339	1.013852	-0.490991	0.125636	0.187802	-0.115024	-0.975449	0.351779	-0.919362	0.176138	-0.917051	-0.376221	-0.132195
19792	-9.594770	1.883440	-1.292580	0.019511	0.003990	0.004134	1.009558	-0.493889	0.125365	0.187690	-0.114962	-0.975477	0.351709	-0.919410	0.176027	-0.917100	-0.376123	-0.132131
19793	-9.612600	1.915790	-1.209490	0.014457	-0.001732	-0.000722	1.018874	-0.489689	0.127218	0.187664	-0.114942	-0.975485	0.351578	-0.919470	0.175978	-0.917156	-0.375983	-0.132140
19794	-9.573200	1.839250	-1.178710	0.015289	-0.000658	0.000962	1.008139	-0.491710	0.137073	0.187639	-0.115136	-0.975467	0.351553	-0.919447	0.176148	-0.917171	-0.375980	-0.132047
19795	-9.605890	1.803640	-1.186180	0.021788	-0.006530	0.001538	1.011847	-0.486623	0.124189	0.187576	-0.115157	-0.975476	0.351350	-0.919531	0.176114	-0.917261	-0.375769	-0.132022
19796	-9.596680	1.711820	-1.269720	0.029726	-0.007613	0.000951	1.021313	-0.480949	0.131555	0.187593	-0.115288	-0.975458	0.351015	-0.919643	0.176196	-0.917386	-0.375454	-0.132051
19797	-9.563830	1.686610	-1.295670	0.034556	-0.007443	-0.000280	1.000788	-0.481565	0.126876	0.187517	-0.115296	-0.975471	0.350699	-0.919777	0.176129	-0.917523	-0.375123	-0.132040
19798	-9.555350	1.745430	-1.295070	0.034801	-0.013057	0.001988	1.015050	-0.489352	0.129578	0.187283	-0.115262	-0.975520	0.350394	-0.919924	0.175963	-0.917687	-0.374771	-0.131899
19799	-9.569650	1.807640	-1.371770	0.034292	-0.015249	-0.003383	1.015164	-0.489608	0.136592	0.187123	-0.115270	-0.975550	0.350086	-0.920061	0.175864	-0.917837	-0.374435	-0.131810
19800	-9.553500	1.794610	-1.383480	0.016694	-0.022700	-0.001880	1.005786	-0.489038	0.137334	0.186984	-0.115342	-0.975568	0.349860	-0.920150	0.175847	-0.917951	-0.374193	-0.131700
19801	-9.529490	1.710090	-1.408160	-0.008160	-0.012666	-0.007047	1.013858	-0.477136	0.134977	0.186836	-0.115306	-0.975601	0.349948	-0.920131	0.175769	-0.917948	-0.374250	-0.131563
19802	-9.540860	1.660270	-1.283690	-0.008371	0.003386	-0.010744	1.010864	-0.487017	0.137049	0.186942	-0.115043	-0.975611	0.349831	-0.920219	0.175544	-0.917971	-0.374116	-0.131782
19803	-9.557140	1.611560	-1.304580	-0.025650	0.011204	-0.009826	1.014294	-0.485595	0.131726	0.187005	-0.114890	-0.975617	0.350084	-0.920139	0.175461	-0.917862	-0.374360	-0.131850
19804	-9.681030	1.638680	-1.213780	-0.023679	0.007017	-0.009437	1.021840	-0.481480	0.125580	0.187131	-0.114712	-0.975614	0.350181	-0.920122	0.175355	-0.917799	-0.374456	-0.132013
19805	-9.664670	1.625690	-1.226780	-0.021157	-0.000924	-0.008207	1.006087	-0.490382	0.123059	0.187090	-0.114619	-0.975633	0.350389	-0.920057	0.175282	-0.917728	-0.374644	-0.131972
19806	-9.633340	1.650640	-1.165550	-0.017201	0.004118	-0.006591	1.009686	-0.486786	0.127020	0.186939	-0.114630	-0.975661	0.350741	-0.919922	0.175284	-0.917625	-0.374971	-0.131764
19807	-9.583200	1.713690	-1.207900	-0.003654	-0.003185	-0.003041	1.023089	-0.477684	0.127407	0.186893	-0.114595	-0.975674	0.350779	-0.919916	0.175239	-0.917619	-0.374997	-0.131729
19808	-9.582330	1.783910	-1.227750	0.004263	-0.001293	-0.001363	1.018455	-0.484738	0.126428	0.186683	-0.114494	-0.975726	0.350873	-0.919911	0.175076	-0.917626	-0.375040	-0.131559
19809	-9.614050	1.818740	-1.255260	0.003675	0.000213	0.000774	1.009976	-0.479050	0.130976	0.186681	-0.114480	-0.975728	0.350837	-0.919928	0.175057	-0.917640	-0.375001	-0.131569
19810	-9.589990	1.794880	-1.248140	-0.000795	0.001173	-0.004661	1.019278	-0.487836	0.131126	0.186548	-0.114341	-0.975769	0.350908	-0.919934	0.174885	-0.917640	-0.375029	-0.131489
19811	-9.591170	1.754130	-1.211190	-0.004184	-0.002403	-0.006148	1.018451	-0.485156	0.131319	0.186496	-0.114272	-0.975787	0.350957	-0.919930	0.174807	-0.917632	-0.375060	-0.131459
19812	-9.526430	1.663780	-1.226690	-0.024271	0.008519	-0.007295	1.008134	-0.482937	0.126386	0.186508	-0.114111	-0.975804	0.351202	-0.919858	0.174695	-0.917536	-0.375287	-0.131485
19813	-9.608290	1.604390	-1.228870	-0.004962	0.003992	-0.011519	1.019914	-0.482115	0.125313	0.186496	-0.113968	-0.975823	0.351269	-0.919857	0.174565	-0.917513	-0.375332	-0.131516
19814	-9.599640	1.632650	-1.245980	0.011667	0.006603	-0.003503	1.010667	-0.483877	0.125639	0.186379	-0.113900	-0.975853	0.351297	-0.919866	0.174460	-0.917525	-0.375330	-0.131431
19815	-9.540660	1.724660	-1.306210	0.004878	0.015835	-0.003366	1.012605	-0.489510	0.134244	0.186503	-0.113787	-0.975843	0.351259	-0.919893	0.174396	-0.917515	-0.375299	-0.131594
19816	-9.557150	1.766890	-1.277910	-0.009843	0.017953	-0.004197	1.003841	-0.482549	0.129980	0.186692	-0.113741	-0.975812	0.351322	-0.919862	0.174434	-0.917452	-0.375390	-0.131771
19817	-9.588420	1.741140	-1.340320	-0.001920	0.011653	-0.004073	1.016955	-0.484348	0.133063	0.186775	-0.113638	-0.975808	0.351347	-0.919864	0.174373	-0.917426	-0.375416	-0.131881
19818	-9.580920	1.759620	-1.304190	-0.011523	0.010582	-0.006852	1.016927	-0.485503	0.134476	0.186875	-0.113506	-0.975804	0.351386	-0.919864	0.174293	-0.917391	-0.375455	-0.132015
19819	-9.614620	1.683380	-1.275560	-0.005043	0.007685	-0.004008	1.010535	-0.488160	0.132134	0.186923	-0.113419	-0.975805	0.351440	-0.919854	0.174237	-0.917360	-0.375506	-0.132081
19820	-9.616060	1.703110	-1.205490	0.007675	-0.000687	-0.002140	1.007429	-0.483929	0.128357	0.186991	-0.113396	-0.975795	0.351274	-0.919921	0.174217	-0.917410	-0.375348	-0.132184
19821	-9.599780	1.720510	-1.201990	0.016748	0.001167	-0.002467	1.011201	-0.483172	0.130743	0.186986	-0.113347	-0.975802	0.351124	-0.919991	0.174148	-0.917468	-0.375191	-0.132226
19822	-9.583130	1.677670	-1.232170	0.020384	-0.000867	0.001287	1.015702	-0.483378	0.119676	0.186972	-0.113393	-0.975799	0.350913	-0.920071	0.174155	-0.917552	-0.374983	-0.132236
19823	-9.574260	1.676380	-1.265620	0.027453	-0.005270	0.001996	1.012157	-0.480564	0.129714	0.186923	-0.113410	-0.975806	0.350657	-0.920176	0.174115	-0.917660	-0.374720	-0.132234
19824	-9.622620	1.753870	-1.263400	0.019491	-0.001219	0.004849	1.025797	-0.490363	0.126983	0.186720	-0.113480	-0.975837	0.350650	-0.920181	0.174102	-0.917704	-0.374686	-0.132024
19825	-9.654130	1.758590	-1.307920	0.016709	-0.001083	0.000513	1.012741	-0.486155	0.121750	0.186702	-0.113468	-0.975842	0.350496	-0.920247	0.174062	-0.917766	-0.374527	-0.132042
19826	-9.646380	1.716960	-1.304450	0.013888	-0.003194	-0.000845	1.022850	-0.475024	0.127907	0.186507	-0.113596	-0.975864	0.350592	-0.920200	0.174121	-0.917769	-0.374605	-0.131797
19827	-9.556950	1.733860	-1.298790	0.009670	-0.007847	-0.004015	1.016695	-0.478851	0.126000	0.186410	-0.113569	-0.975886	0.350512	-0.920244	0.174047	-0.917820	-0.374503	-0.131735
19828	-9.542030	1.741160	-1.240980	0.011068	-0.005305	-0.002203	1.016680	-0.481446	0.132347	0.186042	-0.113371	-0.975979	0.350564	-0.920285	0.173726	-0.917874	-0.374464	-0.131468
19829	-9.574940	1.735450	-1.231220	0.013608	-0.008024	-0.001685	1.008117	-0.482727	0.128275	0.185950	-0.113364	-0.975998	0.350444	-0.920342	0.173667	-0.917939	-0.374326	-0.131409
19830	-9.576530	1.755120	-1.160170	0.020147	-0.011647	-0.004080	1.016407	-0.484555	0.129605	0.185793	-0.113333	-0.976031	0.350240	-0.920442	0.173548	-0.918049	-0.374089	-0.131318
19831	-9.584170	1.735650	-1.196460	0.025771	-0.012645	-0.000650	1.013643	-0.487116	0.122876	0.185662	-0.113353	-0.976054	0.350006	-0.920543	0.173483	-0.918164	-0.373834	-0.131235
19832	-9.609370	1.688370	-1.182690	0.035983	-0.016056	-0.002268	1.016121	-0.484324	0.120446	0.185422	-0.113485	-0.976084	0.349802	-0.920620	0.173486	-0.918290	-0.373605	-0.131006
19833	-9.599650	1.726830	-1.252190	0.042741	-0.014122	0.001421	1.009629	-0.487786	0.134141	0.185283	-0.113530	-0.976105	0.349409	-0.920782	0.173420	-0.918468	-0.373192	-0.130937
19834	-9.653950	1.703960	-1.390560	0.037430	-0.006053	-0.004149	1.017263	-0.486392	0.127712	0.185187	-0.113619	-0.976113	0.349140	-0.920882	0.173429	-0.918590	-0.372917	-0.130866
19835	-9.588770	1.743770	-1.392250	0.008627	-0.009274	-0.012485	1.012464	-0.482798	0.128479	0.185044	-0.113520	-0.976152	0.349087	-0.920932	0.173273	-0.918639	-0.372824	-0.130785
19836	-9.556480	1.778000	-1.384320	-0.003802	-0.004265	-0.015076	1.016022	-0.475259	0.130993	0.184898	-0.113435	-0.976189	0.349208	-0.920908	0.173154	-0.918622	-0.372908	-0.130662
19837	-9.533700	1.712940	-1.339640	-0.016267	-0.001501	-0.014685	1.007556	-0.489478	0.127760	0.184819	-0.113287	-0.976221	0.349387	-0.920867	0.173010	-0.918570	-0.373054	-0.130613
19838	-9.593080	1.679940	-1.246600	-0.019963	0.001259	-0.013197	1.012786	-0.487789	0.129696	0.184772	-0.113165	-0.976244	0.349573	-0.920816	0.172903	-0.918508	-0.373217	-0.130582
19839	-9.610440	1.590710	-1.229820	-0.010340	-0.000641	-0.012681	1.012449	-0.480259	0.127216	0.184708	-0.113032	-0.976272	0.349694	-0.920796	0.172770	-0.918475	-0.373309	-0.130551
19840	-9.610800	1.619960	-1.212950	-0.004148	-0.000169	-0.009124	1.012644	-0.477779	0.122048	0.184670	-0.112998	-0.976283	0.349762	-0.920777	0.172734	-0.918457	-0.373365	-0.130518
19841	-9.693120	1.651280	-1.164540	0.010491	0.001424	-0.000783	1.016154	-0.483908	0.133382	0.184667	-0.112968	-0.976287	0.349669	-0.920820	0.172690	-0.918493	-0.373268	-0.130544
19842	-9.691200	1.731180	-1.238220	0.010258	-0.009358	-0.006143	1.017203	-0.480950	0.130172	0.184462	-0.112919	-0.976331	0.349622	-0.920863	0.172559	-0.918552	-0.373177	-0.130385
19843	-9.617170	1.770270	-1.273050	0.001767	-0.004527	-0.006403	1.018207	-0.481240	0.125012	0.184384	-0.112858	-0.976353	0.349620	-0.920880	0.172472	-0.918569	-0.373153	-0.130338
19844	-9.600820	1.757090	-1.286100	-0.004136	0.005050	-0.009842	1.014298	-0.483993	0.131379	0.184269	-0.112701	-0.976393	0.349741	-0.920866	0.172297	-0.918546	-0.373234	-0.130271
19845	-9.618220	1.698240	-1.253280	-0.016868	0.008198	-0.011004	1.014105	-0.481204	0.124246	0.184291	-0.112551	-0.976406	0.349919	-0.920819	0.172188	-0.918473	-0.373396	-0.130314
19846	-9.611470	1.615750	-1.213240	-0.014026	0.007335	-0.011910	1.020686	-0.479958	0.128907	0.184273	-0.112438	-0.976423	0.350102	-0.920766	0.172102	-0.918407	-0.373561	-0.130308
19847	-9.594650	1.542170	-1.260200	-0.008134	0.005954	-0.006927	1.020490	-0.479385	0.127756	0.184288	-0.112334	-0.976432	0.350192	-0.920746	0.172022	-0.918370	-0.373640	-0.130344
19848	-9.594840	1.571870	-1.244150	0.007128	0.008286	-0.003700	1.018950	-0.477294	0.128257	0.184195	-0.112161	-0.976469	0.350192	-0.920783	0.171823	-0.918388	-0.373601	-0.130326
19849	-9.562370	1.637500	-1.221010	0.007070	0.009017	0.001542	1.017033	-0.477896	0.132815	0.184267	-0.112122	-0.976460	0.350128	-0.920811	0.171805	-0.918399	-0.373544	-0.130418
19850	-9.553460	1.636240	-1.254870	0.007938	-0.001076	-0.000584	1.019782	-0.474030	0.129447	0.184141	-0.111968	-0.976502	0.350026	-0.920889	0.171596	-0.918463	-0.373399	-0.130382
19851	-9.561070	1.647390	-1.275490	0.009046	0.004833	0.001934	1.020276	-0.473702	0.129292	0.184175	-0.111947	-0.976497	0.349943	-0.920924	0.171578	-0.918487	-0.373319	-0.130436
19852	-9.625580	1.676750	-1.294190	0.015851	0.000823	0.001095	1.017094	-0.474830	0.130082	0.183963	-0.111726	-0.976563	0.349806	-0.921034	0.171269	-0.918582	-0.373115	-0.130354
19853	-9.584510	1.771490	-1.287230	0.011888	0.003971	0.001028	1.019604	-0.481791	0.128171	0.183985	-0.111699	-0.976562	0.349698	-0.921080	0.171236	-0.918619	-0.373007	-0.130404
19854	-9.618060	1.695570	-1.258080	0.010490	0.001426	-0.000781	1.012206	-0.481906	0.124747	0.183871	-0.111585	-0.976596	0.349630	-0.921136	0.171076	-0.918667	-0.372904	-0.130357
19855	-9.602770	1.673050	-1.217740	0.012177	0.000606	0.000321	1.012111	-0.484991	0.128411	0.183859	-0.111563	-0.976601	0.349522	-0.921185	0.171035	-0.918711	-0.372790	-0.130375
19856	-9.668110	1.631950	-1.216120	0.020090	0.002505	0.002000	1.016336	-0.488713	0.134114	0.183879	-0.111681	-0.976584	0.349405	-0.921210	0.171137	-0.918752	-0.372692	-0.130369
19857	-9.593780	1.671730	-1.252250	0.018379	0.006300	0.003161	1.010118	-0.484213	0.129021	0.183928	-0.111665	-0.976576	0.349234	-0.921279	0.171117	-0.918807	-0.372527	-0.130452
19858	-9.543550	1.735160	-1.295770	0.009611	0.006299	0.002061	1.014336	-0.477967	0.129200	0.184114	-0.111750	-0.976532	0.349097	-0.921306	0.171249	-0.918822	-0.372433	-0.130614
19859	-9.550860	1.716180	-1.333540	0.001409	0.007764	0.001089	1.013973	-0.481752	0.129099	0.184171	-0.111710	-0.976525	0.349085	-0.921314	0.171232	-0.918815	-0.372427	-0.130683
19860	-9.583320	1.680640	-1.341740	-0.001133	0.010481	0.000567	1.017345	-0.479248	0.128929	0.184212	-0.111655	-0.976524	0.349101	-0.921314	0.171197	-0.918800	-0.372442	-0.130739
19861	-9.641150	1.658830	-1.303420	0.000542	0.004443	0.002388	1.017310	-0.480718	0.130528	0.184244	-0.111639	-0.976520	0.349095	-0.921317	0.171193	-0.918796	-0.372440	-0.130774
19862	-9.642110	1.618870	-1.266710	0.009033	-0.000387	0.002655	1.014863	-0.481465	0.130960	0.184170	-0.111609	-0.976537	0.349030	-0.921354	0.171128	-0.918836	-0.372358	-0.130731
19863	-9.615880	1.675660	-1.333510	0.015549	-0.001034	0.002528	1.024749	-0.485737	0.131412	0.184151	-0.111615	-0.976540	0.348886	-0.921413	0.171105	-0.918894	-0.372211	-0.130738
19864	-9.577300	1.750760	-1.218790	0.011008	-0.004571	0.003051	1.015072	-0.482986	0.122879	0.184104	-0.111636	-0.976547	0.348803	-0.921446	0.171095	-0.918935	-0.372122	-0.130703
19865	-9.561030	1.768580	-1.214920	0.010478	-0.003796	-0.000057	1.020270	-0.482407	0.126043	0.184050	-0.111628	-0.976558	0.348711	-0.921489	0.171054	-0.918981	-0.372018	-0.130674
19866	-9.562100	1.728200	-1.177890	0.005985	0.000128	-0.003235	1.017340	-0.472631	0.125136	0.183905	-0.111672	-0.976580	0.348839	-0.921439	0.171058	-0.918962	-0.372127	-0.130502
19867	-9.596750	1.612040	-1.111590	0.016716	0.004140	-0.000199	1.020933	-0.480896	0.131534	0.183923	-0.111634	-0.976581	0.348690	-0.921505	0.171008	-0.919015	-0.371976	-0.130560
19868	-9.597510	1.541500	-1.092000	0.045558	0.001422	0.003633	1.011695	-0.483095	0.127176	0.183774	-0.111553	-0.976618	0.348312	-0.921682	0.170821	-0.919187	-0.371561	-0.130526
19869	-9.645460	1.558320	-1.124400	0.082308	0.000596	0.009155	1.014719	-0.480822	0.134035	0.183791	-0.111614	-0.976608	0.347543	-0.921981	0.170776	-0.919475	-0.370801	-0.130661
