// Start Time: Unknown
// Update Rate: 100.0Hz
// Filter Profile: human (46.1)
// Firmware Version: 4.6.0
PacketCounter	Acc_X	Acc_Y	Acc_Z	Gyr_X	Gyr_Y	Gyr_Z	Mag_X	Mag_Y	Mag_Z	Mat[1][1]	Mat[2][1]	Mat[3][1]	Mat[1][2]	Mat[2][2]	Mat[3][2]	Mat[1][3]	Mat[2][3]	Mat[3][3]
19648	-9.738170	-1.200020	0.238317	0.008438	0.008536	0.007169	0.881010	0.382928	-0.084938	0.101747	-0.072090	-0.992195	-0.681291	0.721723	-0.122304	0.724906	0.688418	0.024319
19649	-9.709930	-1.251990	0.195285	-0.007046	0.006493	0.006558	0.876506	0.379767	-0.080156	0.100204	-0.078135	-0.991894	-0.662953	0.738132	-0.125118	0.741925	0.670116	0.022164
19650	-9.734380	-1.297540	0.066694	-0.003062	0.007671	0.007756	0.876481	0.380994	-0.090097	0.100096	-0.078129	-0.991906	-0.662983	0.738118	-0.125042	0.741913	0.670133	0.022084
19651	-9.753480	-1.353520	-0.003253	-0.004165	0.007148	0.003770	0.876401	0.381159	-0.094332	0.100025	-0.078225	-0.991905	-0.663034	0.738068	-0.125067	0.741877	0.670177	0.021959
19652	-9.700870	-1.359430	0.081564	0.006445	0.007947	0.006572	0.873953	0.385989	-0.083114	0.099922	-0.078230	-0.991915	-0.662993	0.738116	-0.125001	0.741927	0.670123	0.021888
19653	-9.705160	-1.282150	0.165807	0.005124	0.008725	0.006371	0.878851	0.380428	-0.090861	0.099813	-0.078245	-0.991925	-0.662960	0.738157	-0.124937	0.741972	0.670077	0.021804
19654	-9.723500	-1.316160	0.069174	0.008437	0.008535	0.007173	0.882396	0.383735	-0.088402	0.099702	-0.078249	-0.991936	-0.662904	0.738219	-0.124864	0.742036	0.670008	0.021730
19655	-9.728720	-1.283050	0.094896	0.009996	0.009968	0.004184	0.868557	0.384794	-0.089745	0.099596	-0.078262	-0.991945	-0.662825	0.738301	-0.124801	0.742121	0.669916	0.021657
19656	-9.675530	-1.289340	0.067782	0.010873	0.009157	0.006080	0.872625	0.379657	-0.095403	0.099487	-0.078279	-0.991955	-0.662750	0.738378	-0.124738	0.742202	0.669828	0.021580
19657	-9.695230	-1.345010	0.109902	0.005549	0.005246	0.004086	0.884134	0.372147	-0.086910	0.099410	-0.078211	-0.991968	-0.662689	0.738451	-0.124634	0.742267	0.669757	0.021579
19658	-9.712470	-1.312670	0.156846	0.006689	0.012796	0.009258	0.873106	0.378282	-0.092181	0.099253	-0.078228	-0.991982	-0.662649	0.738503	-0.124540	0.742324	0.669697	0.021461
19659	-9.735020	-1.269780	0.144841	0.001590	0.010219	0.009354	0.882830	0.387922	-0.090804	0.099107	-0.078200	-0.991999	-0.662629	0.738541	-0.124420	0.742362	0.669658	0.021377
19660	-9.736090	-1.312960	0.085496	-0.001517	0.008232	0.010050	0.882800	0.376763	-0.086875	0.098979	-0.078181	-0.992014	-0.662650	0.738539	-0.124321	0.742360	0.669663	0.021293
19661	-9.714750	-1.398090	0.037038	0.010001	0.012606	0.010064	0.880273	0.375777	-0.084628	0.098808	-0.078234	-0.992026	-0.662580	0.738615	-0.124243	0.742445	0.669573	0.021145
19662	-9.696720	-1.362320	0.131823	0.027475	0.015232	0.011291	0.878399	0.378809	-0.085952	0.098620	-0.078252	-0.992044	-0.662387	0.738808	-0.124126	0.742642	0.669358	0.021028
19663	-9.656470	-1.182520	0.188701	0.015769	0.016551	0.010370	0.880884	0.373700	-0.089697	0.098421	-0.078410	-0.992051	-0.662282	0.738904	-0.124107	0.742762	0.669233	0.020794
19664	-9.685970	-1.195330	0.086214	0.000918	0.008856	0.008958	0.872913	0.381035	-0.089788	0.098296	-0.078403	-0.992064	-0.662284	0.738917	-0.124018	0.742777	0.669219	0.020708
19665	-9.688710	-1.304810	-0.004847	-0.000833	0.010477	0.005163	0.882999	0.380712	-0.085570	0.098164	-0.078463	-0.992072	-0.662277	0.738932	-0.123973	0.742801	0.669196	0.020572
19666	-9.770420	-1.244710	0.062731	0.003130	0.008140	0.005775	0.875003	0.381145	-0.080810	0.098065	-0.078474	-0.992081	-0.662259	0.738957	-0.123915	0.742830	0.669167	0.020496
19667	-9.753250	-1.253600	0.099504	0.000469	0.006185	0.004775	0.882024	0.378128	-0.092628	0.097953	-0.078686	-0.992075	-0.662276	0.738928	-0.123998	0.742829	0.669174	0.020268
19668	-9.730940	-1.295180	0.109924	-0.003514	0.005008	0.003572	0.881045	0.380412	-0.085227	0.097892	-0.078693	-0.992081	-0.662306	0.738907	-0.123963	0.742811	0.669196	0.020214
19669	-9.703500	-1.369220	0.093909	0.003335	0.005963	0.007275	0.877700	0.373166	-0.082298	0.097754	-0.078772	-0.992088	-0.662273	0.738943	-0.123928	0.742858	0.669148	0.020066
19670	-9.695880	-1.313320	0.071839	0.010201	0.007790	0.005694	0.875116	0.379328	-0.089432	0.097659	-0.078782	-0.992097	-0.662203	0.739015	-0.123870	0.742934	0.669066	0.020002
19671	-9.671890	-1.288450	0.113713	0.003132	0.010781	0.011654	0.876548	0.378564	-0.089981	0.097441	-0.078934	-0.992106	-0.662185	0.739037	-0.123836	0.742978	0.669024	0.019744
19672	-9.714190	-1.323990	0.059482	0.002013	0.006742	0.007072	0.878040	0.383617	-0.081563	0.097344	-0.078926	-0.992116	-0.662177	0.739056	-0.123765	0.742998	0.669004	0.019679
19673	-9.714310	-1.323190	0.058837	0.003558	0.007299	0.009369	0.877028	0.377115	-0.090276	0.097227	-0.079118	-0.992112	-0.662151	0.739069	-0.123829	0.743036	0.668968	0.019470
19674	-9.766000	-1.249230	0.116049	0.007094	0.008444	0.012268	0.883233	0.379099	-0.088565	0.097084	-0.079084	-0.992129	-0.662110	0.739126	-0.123706	0.743092	0.668909	0.019395
19675	-9.741180	-1.202290	0.131383	0.000450	0.005314	0.010063	0.884513	0.369830	-0.089926	0.096924	-0.079194	-0.992136	-0.662088	0.739150	-0.123681	0.743132	0.668869	0.019208
19676	-9.748200	-1.234800	0.125630	-0.004854	0.004917	0.008653	0.875369	0.382100	-0.088195	0.096830	-0.079163	-0.992148	-0.662132	0.739124	-0.123596	0.743105	0.668901	0.019153
19677	-9.666660	-1.293740	0.056624	-0.001298	0.006935	0.006267	0.886253	0.378555	-0.090760	0.096648	-0.079305	-0.992154	-0.662119	0.739139	-0.123580	0.743141	0.668867	0.018927
19678	-9.692610	-1.360700	0.066684	0.000246	0.007491	0.008564	0.882251	0.377656	-0.088630	0.096536	-0.079292	-0.992166	-0.662125	0.739148	-0.123494	0.743150	0.668860	0.018853
19679	-9.656590	-1.335020	0.087391	0.006667	0.009285	0.008679	0.881516	0.381953	-0.087497	0.096349	-0.079471	-0.992170	-0.662049	0.739215	-0.123500	0.743241	0.668764	0.018609
19680	-9.707360	-1.239400	0.117715	0.000916	0.008859	0.008963	0.883591	0.374280	-0.084122	0.096223	-0.079463	-0.992183	-0.662051	0.739228	-0.123411	0.743256	0.668750	0.018522
19681	-9.717750	-1.195720	0.084891	-0.004205	0.002772	0.008460	0.880574	0.376522	-0.084702	0.096088	-0.079673	-0.992179	-0.662072	0.739199	-0.123477	0.743255	0.668758	0.018278
19682	-9.764280	-1.176800	0.030948	-0.009752	0.000169	0.010243	0.878127	0.376550	-0.088199	0.096018	-0.079599	-0.992192	-0.662154	0.739142	-0.123377	0.743191	0.668830	0.018265
19683	-9.783320	-1.210390	0.046761	-0.009285	0.001072	0.003263	0.876802	0.380958	-0.095413	0.095900	-0.079800	-0.992187	-0.662200	0.739089	-0.123448	0.743166	0.668864	0.018035
19684	-9.791180	-1.265240	0.068074	-0.008412	0.000262	0.005162	0.882291	0.383169	-0.090030	0.095863	-0.079763	-0.992194	-0.662267	0.739037	-0.123398	0.743110	0.668926	0.018022
19685	-9.766240	-1.219020	0.083992	-0.008636	-0.001074	0.003069	0.889029	0.383788	-0.088116	0.095854	-0.079873	-0.992186	-0.662286	0.739007	-0.123475	0.743094	0.668946	0.017938
19686	-9.779220	-1.263810	0.046736	-0.009509	-0.000263	0.001171	0.881491	0.376200	-0.092666	0.095849	-0.079862	-0.992187	-0.662358	0.738944	-0.123464	0.743031	0.669017	0.017930
19687	-9.737080	-1.249560	0.014959	-0.011948	-0.000881	0.002262	0.881300	0.370617	-0.089822	0.095755	-0.080048	-0.992181	-0.662411	0.738884	-0.123542	0.742996	0.669061	0.017728
19688	-9.744910	-1.304720	0.036487	-0.005101	-0.002572	0.000089	0.878860	0.376528	-0.084919	0.095774	-0.080029	-0.992181	-0.662448	0.738850	-0.123541	0.742960	0.669100	0.017748
19689	-9.738870	-1.293130	0.068732	-0.002460	-0.004132	0.000497	0.884228	0.381932	-0.090881	0.095617	-0.080222	-0.992180	-0.662419	0.738871	-0.123578	0.743007	0.669055	0.017508
19690	-9.720810	-1.280640	0.079725	-0.001118	-0.001398	0.001295	0.881962	0.372984	-0.083632	0.095619	-0.080202	-0.992182	-0.662428	0.738864	-0.123565	0.742998	0.669064	0.017521
19691	-9.731970	-1.259550	0.074338	0.001320	-0.000780	0.000204	0.877969	0.381822	-0.089528	0.095496	-0.080463	-0.992172	-0.662384	0.738886	-0.123676	0.743053	0.669009	0.017263
19692	-9.725040	-1.226170	0.079762	-0.001342	-0.002734	-0.000798	0.875030	0.379791	-0.076318	0.095521	-0.080450	-0.992171	-0.662393	0.738876	-0.123683	0.743042	0.669021	0.017289
19693	-9.748210	-1.206130	0.095820	-0.004005	-0.004687	-0.001800	0.883899	0.381566	-0.088996	0.095534	-0.080731	-0.992147	-0.662423	0.738813	-0.123902	0.743014	0.669058	0.017103
19694	-9.749110	-1.250470	0.037799	-0.005996	-0.005274	-0.002402	0.880155	0.374308	-0.088415	0.095589	-0.080714	-0.992143	-0.662465	0.738771	-0.123927	0.742969	0.669106	0.017148
19695	-9.715610	-1.313760	0.054520	-0.003536	-0.001142	-0.002900	0.881608	0.364064	-0.091069	0.095488	-0.080962	-0.992133	-0.662441	0.738772	-0.124043	0.743003	0.669074	0.016911
19696	-9.727620	-1.314780	0.075947	-0.000022	-0.003514	-0.000594	0.884938	0.379500	-0.085448	0.095518	-0.080943	-0.992131	-0.662441	0.738772	-0.124049	0.743000	0.669077	0.016946
19697	-9.708640	-1.280720	0.060106	-0.000427	0.000843	-0.003592	0.887287	0.378169	-0.087093	0.095296	-0.081221	-0.992130	-0.662354	0.738840	-0.124106	0.743105	0.668968	0.016612
19698	-9.692350	-1.334410	0.039286	0.000852	-0.004325	0.001304	0.879343	0.378043	-0.088826	0.095319	-0.081182	-0.992131	-0.662349	0.738847	-0.124092	0.743107	0.668965	0.016655
19699	-9.710420	-1.346870	0.028994	0.007496	-0.003837	-0.002370	0.887543	0.380110	-0.090196	0.095243	-0.081453	-0.992116	-0.662245	0.738915	-0.124240	0.743209	0.668857	0.016435
19700	-9.698320	-1.323840	0.093232	0.014813	0.000657	0.000236	0.873971	0.369675	-0.087354	0.095236	-0.081455	-0.992117	-0.662135	0.739015	-0.124235	0.743308	0.668747	0.016446
19701	-9.715430	-1.269670	0.226153	0.015037	0.001993	0.002330	0.881198	0.376079	-0.084080	0.095062	-0.081697	-0.992113	-0.661941	0.739179	-0.124295	0.743504	0.668536	0.016189
19702	-9.712830	-1.203900	0.145830	0.005325	0.003908	0.002003	0.889105	0.383114	-0.081335	0.095018	-0.081708	-0.992117	-0.661903	0.739216	-0.124272	0.743543	0.668493	0.016156
19703	-9.674320	-1.321620	0.050500	0.005974	0.001761	0.001808	0.881739	0.377349	-0.086468	0.094908	-0.082081	-0.992096	-0.661872	0.739210	-0.124476	0.743585	0.668454	0.015829
19704	-9.707800	-1.258540	0.033942	0.010180	0.001630	-0.000773	0.880021	0.379696	-0.085971	0.094899	-0.082098	-0.992096	-0.661796	0.739277	-0.124481	0.743654	0.668378	0.015824
19705	-9.703570	-1.312910	0.034256	0.014365	0.000627	0.001933	0.880470	0.376013	-0.087484	0.094819	-0.082360	-0.992082	-0.661653	0.739382	-0.124620	0.743791	0.668230	0.015614
19706	-9.725880	-1.270930	0.023314	0.016376	0.002087	-0.002750	0.885870	0.370623	-0.091989	0.094821	-0.082395	-0.992079	-0.661529	0.739488	-0.124644	0.743901	0.668108	0.015612
19707	-9.759290	-1.185580	0.092035	0.015685	-0.000152	0.002139	0.881337	0.378435	-0.088588	0.094624	-0.082609	-0.992080	-0.661295	0.739694	-0.124667	0.744134	0.667854	0.015364
19708	-9.777370	-1.197970	0.081559	0.002416	-0.002896	-0.001683	0.878054	0.378934	-0.086533	0.094654	-0.082602	-0.992077	-0.661276	0.739709	-0.124681	0.744147	0.667838	0.015394
19709	-9.771350	-1.208900	0.028784	-0.002684	-0.005468	-0.001593	0.884099	0.370691	-0.086218	0.094656	-0.082802	-0.992061	-0.661248	0.739708	-0.124831	0.744172	0.667814	0.015265
19710	-9.778200	-1.220130	0.109267	-0.003355	-0.006836	-0.001992	0.879268	0.381016	-0.089926	0.094718	-0.082771	-0.992057	-0.661271	0.739684	-0.124850	0.744143	0.667844	0.015327
19711	-9.724810	-1.204930	0.168773	-0.004676	-0.006056	-0.002196	0.877209	0.378891	-0.091994	0.094643	-0.082968	-0.992048	-0.661227	0.739708	-0.124946	0.744192	0.667794	0.015147
19712	-9.737750	-1.250120	0.132033	-0.015504	-0.005540	-0.001228	0.884124	0.377935	-0.094913	0.094690	-0.082940	-0.992046	-0.661341	0.739603	-0.124959	0.744084	0.667913	0.015181
19713	-9.732590	-1.283000	0.106063	-0.018392	-0.008830	-0.004321	0.879741	0.382455	-0.093681	0.094723	-0.083014	-0.992036	-0.661369	0.739566	-0.125036	0.744056	0.667946	0.015151
19714	-9.712130	-1.413480	0.000658	-0.011968	-0.004396	0.001672	0.876661	0.381367	-0.089153	0.094743	-0.082971	-0.992038	-0.661459	0.739488	-0.125020	0.743973	0.668037	0.015180
19715	-9.728420	-1.359780	0.021898	0.003961	-0.002339	0.000612	0.889357	0.373720	-0.084618	0.094798	-0.083085	-0.992023	-0.661371	0.739546	-0.125140	0.744044	0.667958	0.015158
19716	-9.690540	-1.291170	-0.009735	0.008594	-0.003312	0.001623	0.880499	0.374438	-0.092138	0.094813	-0.083049	-0.992025	-0.661308	0.739606	-0.125122	0.744099	0.667897	0.015203
19717	-9.716350	-1.336310	0.086645	0.011906	-0.003504	0.002429	0.878184	0.377165	-0.086369	0.094621	-0.083263	-0.992025	-0.661124	0.739766	-0.125149	0.744286	0.667693	0.014950
19718	-9.677540	-1.223350	0.113577	0.015218	-0.003697	0.003236	0.879671	0.382542	-0.088511	0.094626	-0.083212	-0.992029	-0.661013	0.739871	-0.125112	0.744384	0.667583	0.015007
19719	-9.729890	-1.171980	0.198799	0.003493	-0.005884	0.001715	0.884073	0.377753	-0.089887	0.094659	-0.083382	-0.992012	-0.660949	0.739902	-0.125260	0.744436	0.667527	0.014927
19720	-9.684490	-1.256410	0.109425	-0.002460	-0.004132	0.000500	0.875764	0.374717	-0.087069	0.094687	-0.083349	-0.992012	-0.660968	0.739887	-0.125254	0.744417	0.667548	0.014966
19721	-9.731840	-1.260050	0.082923	0.001726	-0.005134	0.003205	0.880617	0.379160	-0.083393	0.094618	-0.083477	-0.992008	-0.660873	0.739964	-0.125302	0.744510	0.667446	0.014847
19722	-9.730970	-1.238180	0.056824	-0.004028	-0.008202	-0.002388	0.876999	0.376449	-0.090368	0.094695	-0.083438	-0.992004	-0.660900	0.739936	-0.125324	0.744476	0.667482	0.014924
19723	-9.755990	-1.283950	0.041704	-0.000734	-0.009266	0.003706	0.881105	0.378446	-0.080627	0.094699	-0.083557	-0.991993	-0.660857	0.739959	-0.125416	0.744513	0.667443	0.014855
19724	-9.717450	-1.379350	0.032488	0.005931	-0.005266	0.000623	0.880922	0.374577	-0.087740	0.094735	-0.083516	-0.991993	-0.660813	0.739999	-0.125408	0.744548	0.667403	0.014915
19725	-9.732730	-1.281440	0.112563	0.011883	-0.007018	0.001837	0.878867	0.375761	-0.089101	0.094677	-0.083748	-0.991979	-0.660696	0.740082	-0.125540	0.744659	0.667282	0.014737
19726	-9.747260	-1.184120	0.080795	0.007697	-0.006015	-0.000867	0.885724	0.373871	-0.089692	0.094727	-0.083714	-0.991977	-0.660637	0.740133	-0.125547	0.744705	0.667230	0.014806
19727	-9.760970	-1.228660	0.156175	0.001947	-0.006440	-0.000580	0.877475	0.385315	-0.082783	0.094633	-0.083852	-0.991975	-0.660516	0.740235	-0.125585	0.744824	0.667099	0.014665
19728	-9.730020	-1.193490	0.119403	-0.000914	-0.003574	0.002798	0.884913	0.377774	-0.086761	0.094640	-0.083807	-0.991978	-0.660525	0.740231	-0.125556	0.744815	0.667109	0.014699
19729	-9.718020	-1.192480	0.098751	-0.003600	-0.009042	0.001208	0.880170	0.374428	-0.089081	0.094728	-0.084010	-0.991952	-0.660585	0.740142	-0.125767	0.744751	0.667182	0.014617
19730	-9.743020	-1.238430	0.083703	-0.006692	-0.010155	-0.003384	0.877116	0.373489	-0.091178	0.094826	-0.083968	-0.991946	-0.660632	0.740094	-0.125803	0.744697	0.667240	0.014708
19731	-9.690570	-1.267410	0.084987	-0.004475	-0.008232	-0.000690	0.878779	0.379688	-0.083797	0.094768	-0.084014	-0.991948	-0.660529	0.740187	-0.125796	0.744795	0.667132	0.014652
19732	-9.738720	-1.293270	0.085497	-0.002912	-0.006804	-0.003681	0.876574	0.377611	-0.091363	0.094842	-0.083996	-0.991942	-0.660547	0.740164	-0.125833	0.744770	0.667159	0.014715
19733	-9.697440	-1.301190	0.081152	0.000830	-0.007837	0.000717	0.889453	0.376783	-0.086213	0.094903	-0.084104	-0.991927	-0.660495	0.740191	-0.125952	0.744809	0.667116	0.014696
19734	-9.725660	-1.248500	0.124133	0.001721	-0.007776	-0.002672	0.887679	0.374593	-0.087762	0.094979	-0.084073	-0.991923	-0.660480	0.740200	-0.125979	0.744813	0.667110	0.014775
19735	-9.754050	-1.218230	0.081916	0.001947	-0.006439	-0.000580	0.885570	0.375341	-0.083010	0.094818	-0.084291	-0.991920	-0.660424	0.740240	-0.126034	0.744882	0.667038	0.014520
19736	-9.748950	-1.250990	0.056115	-0.005350	-0.007421	-0.002587	0.875177	0.382079	-0.076357	0.094888	-0.084262	-0.991915	-0.660462	0.740202	-0.126060	0.744840	0.667084	0.014585
19737	-9.749780	-1.272830	0.083565	0.000384	-0.007867	0.002412	0.875637	0.382145	-0.087375	0.094889	-0.084558	-0.991890	-0.660533	0.740100	-0.126283	0.744776	0.667159	0.014374
19738	-9.744500	-1.283100	0.142993	0.006149	-0.006570	-0.003165	0.877146	0.373120	-0.092440	0.094957	-0.084543	-0.991885	-0.660486	0.740137	-0.126316	0.744810	0.667121	0.014442
19739	-9.701350	-1.225050	0.170096	0.004406	-0.002308	-0.001083	0.879318	0.379628	-0.084619	0.094994	-0.084608	-0.991876	-0.660357	0.740240	-0.126387	0.744920	0.666998	0.014447
19740	-9.695430	-1.235920	0.117274	-0.000694	-0.004880	-0.000987	0.883349	0.379846	-0.086537	0.095036	-0.084588	-0.991874	-0.660362	0.740233	-0.126400	0.744910	0.667008	0.014490
19741	-9.713510	-1.248440	0.106996	-0.002015	-0.004100	-0.001191	0.885813	0.380632	-0.089710	0.095064	-0.084793	-0.991853	-0.660385	0.740184	-0.126573	0.744886	0.667037	0.014369
19742	-9.691140	-1.290680	0.118426	0.003508	-0.005011	-0.003572	0.880461	0.379029	-0.089727	0.095125	-0.084792	-0.991848	-0.660356	0.740202	-0.126612	0.744903	0.667017	0.014418
19743	-9.679100	-1.290200	0.097552	0.001539	-0.002085	-0.003582	0.877488	0.372207	-0.084865	0.095146	-0.084931	-0.991834	-0.660300	0.740232	-0.126729	0.744950	0.666966	0.014350
19744	-9.683300	-1.236060	0.097611	0.007492	-0.003836	-0.002371	0.883775	0.382276	-0.087314	0.095190	-0.084929	-0.991830	-0.660243	0.740278	-0.126756	0.744995	0.666915	0.014393
19745	-9.706420	-1.216130	0.113792	-0.001570	-0.004070	-0.002885	0.881473	0.374248	-0.090557	0.095169	-0.085113	-0.991816	-0.660215	0.740283	-0.126878	0.745023	0.666886	0.014259
19746	-9.714320	-1.294300	0.050388	0.002225	0.000153	-0.008473	0.879298	0.374447	-0.093492	0.095224	-0.085183	-0.991805	-0.660192	0.740288	-0.126967	0.745036	0.666871	0.014255
19747	-9.720930	-1.306000	0.130443	0.009725	-0.001041	-0.004966	0.884601	0.377351	-0.090605	0.095132	-0.085225	-0.991810	-0.659955	0.740505	-0.126932	0.745258	0.666625	0.014201
19748	-9.749100	-1.253680	0.172878	0.009725	-0.001041	-0.004966	0.880975	0.380746	-0.085802	0.095171	-0.085260	-0.991803	-0.659879	0.740564	-0.126983	0.745320	0.666555	0.014219
19749	-9.764480	-1.178650	0.167246	0.002210	-0.000718	-0.003185	0.869047	0.382054	-0.084577	0.095161	-0.085429	-0.991789	-0.659827	0.740590	-0.127101	0.745368	0.666504	0.014107
19750	-9.724190	-1.231090	0.103938	-0.003321	-0.002451	-0.006681	0.887102	0.370583	-0.087930	0.095222	-0.085468	-0.991780	-0.659846	0.740561	-0.127172	0.745342	0.666532	0.014122
19751	-9.766180	-1.245790	0.135888	-0.002649	-0.001084	-0.006284	0.887379	0.365556	-0.085103	0.095211	-0.085656	-0.991765	-0.659804	0.740576	-0.127303	0.745382	0.666491	0.013995
19752	-9.724840	-1.254160	0.130735	-0.004619	0.001841	-0.006295	0.878354	0.378655	-0.074784	0.095238	-0.085721	-0.991757	-0.659834	0.740538	-0.127371	0.745352	0.666525	0.013965
19753	-9.703450	-1.340850	0.083210	-0.006852	-0.000954	-0.003699	0.878123	0.379519	-0.084700	0.094980	-0.086067	-0.991752	-0.659885	0.740477	-0.127458	0.745339	0.666548	0.013536
19754	-9.698330	-1.373710	0.056718	0.006865	0.001825	-0.001588	0.877298	0.380510	-0.085737	0.094972	-0.086101	-0.991749	-0.659835	0.740518	-0.127476	0.745384	0.666498	0.013516
19755	-9.662120	-1.349050	0.078000	0.009302	0.002444	-0.002681	0.880186	0.380134	-0.083014	0.095037	-0.086317	-0.991724	-0.659767	0.740544	-0.127681	0.745437	0.666441	0.013430
19756	-9.623290	-1.422310	0.152867	0.020604	0.008118	0.001115	0.877706	0.382519	-0.089706	0.094966	-0.086374	-0.991726	-0.659617	0.740679	-0.127673	0.745578	0.666284	0.013366
19757	-9.659290	-1.238790	0.167117	0.021720	0.009516	-0.000182	0.878349	0.373928	-0.096172	0.094996	-0.086604	-0.991703	-0.659456	0.740790	-0.127861	0.745717	0.666131	0.013260
19758	-9.646500	-1.216060	0.118646	0.011075	0.004339	0.001706	0.880711	0.379721	-0.092606	0.094950	-0.086632	-0.991705	-0.659378	0.740861	-0.127851	0.745792	0.666048	0.013222
19759	-9.693860	-1.219930	0.091578	0.006865	0.001825	-0.001586	0.882920	0.379380	-0.082225	0.094932	-0.086553	-0.991714	-0.659145	0.741081	-0.127776	0.746000	0.665813	0.013301
19760	-9.730820	-1.266900	0.096861	0.002006	0.001458	-0.004686	0.882395	0.374974	-0.087079	0.094950	-0.086607	-0.991707	-0.659127	0.741088	-0.127828	0.746013	0.665799	0.013282
19761	-9.747020	-1.213800	0.117643	0.004443	0.002076	-0.005779	0.874379	0.383295	-0.084286	0.094871	-0.086871	-0.991692	-0.659077	0.741108	-0.127971	0.746067	0.665742	0.013055
19762	-9.776240	-1.205690	0.101220	-0.001080	0.002985	-0.003401	0.882043	0.380674	-0.083697	0.094868	-0.086926	-0.991687	-0.659085	0.741094	-0.128011	0.746061	0.665750	0.013014
19763	-9.764190	-1.205320	0.079780	-0.007726	-0.000148	-0.005600	0.880524	0.381458	-0.097941	0.095023	-0.087186	-0.991650	-0.659176	0.740961	-0.128310	0.745961	0.665864	0.012937
19764	-9.788290	-1.229970	0.037250	-0.007748	-0.003661	-0.006188	0.877650	0.383345	-0.086315	0.095090	-0.087220	-0.991640	-0.659231	0.740900	-0.128381	0.745904	0.665928	0.012954
19765	-9.788200	-1.230650	0.037405	-0.007952	-0.001484	-0.007690	0.883964	0.372545	-0.082467	0.095300	-0.087234	-0.991619	-0.659204	0.740898	-0.128531	0.745900	0.665929	0.013103
19766	-9.759660	-1.261650	0.080382	-0.006406	-0.000926	-0.005395	0.879601	0.379571	-0.083713	0.095345	-0.087279	-0.991611	-0.659249	0.740847	-0.128595	0.745855	0.665979	0.013097
19767	-9.742300	-1.271690	0.117974	-0.001554	-0.003201	-0.008170	0.875435	0.375893	-0.084610	0.095251	-0.087539	-0.991597	-0.659237	0.740835	-0.128726	0.745878	0.665958	0.012856
19768	-9.718200	-1.270860	0.075520	-0.006166	0.001281	-0.008590	0.880655	0.382387	-0.092241	0.095298	-0.087624	-0.991585	-0.659277	0.740782	-0.128822	0.745836	0.666006	0.012827
19769	-9.735370	-1.262340	0.038234	-0.008644	-0.006365	-0.008674	0.876175	0.390112	-0.095075	0.095425	-0.087692	-0.991567	-0.659258	0.740776	-0.128957	0.745837	0.666004	0.012877
19770	-9.730970	-1.317480	0.038726	-0.003299	0.001061	-0.006090	0.880664	0.376978	-0.082968	0.095458	-0.087757	-0.991558	-0.659280	0.740744	-0.129028	0.745814	0.666030	0.012853
19771	-9.705740	-1.249820	0.139666	0.001779	0.000123	-0.006776	0.884011	0.381308	-0.083092	0.095661	-0.087867	-0.991528	-0.659224	0.740756	-0.129245	0.745837	0.666003	0.012937
19772	-9.734940	-1.241860	0.123425	-0.005735	0.000441	-0.004997	0.880901	0.376610	-0.086468	0.095694	-0.087919	-0.991521	-0.659264	0.740710	-0.129306	0.745797	0.666048	0.012919
19773	-9.690060	-1.326480	0.145367	-0.005516	-0.000865	-0.008781	0.877962	0.381888	-0.088683	0.095661	-0.088152	-0.991503	-0.659285	0.740665	-0.129459	0.745783	0.666067	0.012736
19774	-9.666790	-1.347270	0.129347	0.000704	0.005752	-0.004300	0.875436	0.377772	-0.087075	0.095649	-0.088236	-0.991497	-0.659278	0.740661	-0.129513	0.745791	0.666060	0.012672
19775	-9.689110	-1.305860	0.118099	-0.000212	-0.000465	-0.007376	0.883869	0.380764	-0.091682	0.095749	-0.088336	-0.991478	-0.659196	0.740710	-0.129653	0.745851	0.665992	0.012691
19776	-9.686660	-1.240960	0.037745	-0.003073	0.002397	-0.003999	0.875517	0.381776	-0.088322	0.095761	-0.088395	-0.991472	-0.659217	0.740681	-0.129706	0.745830	0.666016	0.012656
19777	-9.716660	-1.254800	0.048032	-0.002184	0.002459	-0.007387	0.875628	0.376255	-0.087848	0.095847	-0.088464	-0.991457	-0.659146	0.740726	-0.129814	0.745882	0.665958	0.012686
19778	-9.734480	-1.245510	0.122419	-0.001327	-0.001863	-0.006078	0.878539	0.374448	-0.085189	0.095906	-0.088509	-0.991448	-0.659153	0.740707	-0.129887	0.745869	0.665972	0.012697
19779	-9.746400	-1.246970	0.143740	-0.003970	-0.000307	-0.006486	0.877262	0.375377	-0.085672	0.095811	-0.088612	-0.991447	-0.659073	0.740776	-0.129899	0.745951	0.665882	0.012573
19780	-9.729970	-1.301270	0.122724	-0.004846	0.000503	-0.008383	0.875434	0.375000	-0.087256	0.095866	-0.088690	-0.991435	-0.659103	0.740733	-0.129995	0.745918	0.665920	0.012555
19781	-9.724750	-1.334600	0.096054	-0.005942	0.002617	-0.006496	0.886606	0.378122	-0.087638	0.095756	-0.088804	-0.991436	-0.659035	0.740791	-0.130006	0.745992	0.665840	0.012410
19782	-9.689450	-1.354600	0.058676	0.000922	0.004448	-0.008082	0.876336	0.380347	-0.083363	0.095779	-0.088906	-0.991424	-0.659023	0.740786	-0.130096	0.746000	0.665831	0.012360
19783	-9.700570	-1.334270	0.052839	0.005111	0.003450	-0.005380	0.881313	0.376885	-0.086312	0.095710	-0.089093	-0.991414	-0.658948	0.740837	-0.130188	0.746075	0.665750	0.012198
19784	-9.722820	-1.270190	0.126444	0.001153	0.008425	-0.000118	0.888576	0.379550	-0.086639	0.095649	-0.089162	-0.991414	-0.658941	0.740840	-0.130200	0.746088	0.665737	0.012108
19785	-9.740070	-1.261100	0.088667	0.000665	-0.001274	-0.005477	0.881507	0.376597	-0.090308	0.095531	-0.089279	-0.991415	-0.658891	0.740884	-0.130208	0.746148	0.665673	0.011953
19786	-9.764940	-1.307380	0.072606	0.001579	0.004943	-0.002401	0.875466	0.376032	-0.082319	0.095511	-0.089342	-0.991411	-0.658879	0.740888	-0.130241	0.746161	0.665659	0.011897
19787	-9.712420	-1.336310	0.072627	0.005336	0.004786	-0.003289	0.877246	0.384085	-0.086305	0.095373	-0.089451	-0.991414	-0.658747	0.741008	-0.130228	0.746295	0.665512	0.011746
19788	-9.670200	-1.299950	0.125494	0.007553	0.006712	-0.000598	0.885600	0.384485	-0.089053	0.095326	-0.089513	-0.991413	-0.658693	0.741054	-0.130242	0.746349	0.665452	0.011680
19789	-9.642620	-1.374610	0.109451	0.008668	0.008111	-0.001894	0.883719	0.377056	-0.079135	0.095401	-0.089652	-0.991394	-0.658593	0.741115	-0.130395	0.746427	0.665365	0.011659
19790	-9.683900	-1.366960	0.113841	0.013526	0.008482	0.001206	0.887310	0.384556	-0.081854	0.095331	-0.089713	-0.991395	-0.658496	0.741203	-0.130392	0.746522	0.665260	0.011584
19791	-9.688320	-1.312220	0.112800	0.007556	0.009355	0.005276	0.877839	0.373326	-0.090035	0.095111	-0.090025	-0.991388	-0.658513	0.741172	-0.130480	0.746535	0.665251	0.011211
19792	-9.687570	-1.290070	0.085304	0.007777	0.008049	0.001493	0.875571	0.376192	-0.097012	0.095041	-0.090083	-0.991389	-0.658459	0.741220	-0.130475	0.746591	0.665190	0.011131
19793	-9.699640	-1.290480	0.105845	0.008432	0.008547	0.007175	0.881926	0.376297	-0.090132	0.094844	-0.089860	-0.991428	-0.658166	0.741534	-0.130173	0.746875	0.664871	0.011188
19794	-9.698920	-1.268120	0.078262	0.008671	0.010754	0.003981	0.874988	0.374320	-0.081202	0.094737	-0.089913	-0.991434	-0.658108	0.741591	-0.130141	0.746940	0.664799	0.011084
19795	-9.699780	-1.289610	0.104181	0.004019	0.008207	0.002382	0.875970	0.379516	-0.090140	0.094519	-0.089999	-0.991447	-0.657991	0.741709	-0.130058	0.747070	0.664656	0.010887
19796	-9.699820	-1.289340	0.103467	0.007331	0.008019	0.003188	0.887796	0.380437	-0.085241	0.094436	-0.090040	-0.991451	-0.657942	0.741757	-0.130033	0.747124	0.664597	0.010807
19797	-9.704220	-1.234570	0.102514	0.004225	0.006031	0.003883	0.870695	0.382016	-0.087744	0.094357	-0.090069	-0.991456	-0.657839	0.741854	-0.130001	0.747224	0.664485	0.010748
19798	-9.706780	-1.322150	0.097061	0.002028	0.007618	0.001780	0.879258	0.376069	-0.085561	0.094286	-0.090117	-0.991458	-0.657828	0.741866	-0.129990	0.747243	0.664465	0.010666
19799	-9.718010	-1.300990	0.090775	0.008447	0.009418	0.001893	0.879725	0.372223	-0.083111	0.094271	-0.090196	-0.991452	-0.657662	0.742005	-0.130036	0.747392	0.664299	0.010631
19800	-9.734440	-1.246950	0.110936	0.002011	0.006748	0.007065	0.872623	0.371341	-0.076351	0.094173	-0.090199	-0.991461	-0.657655	0.742022	-0.129973	0.747409	0.664280	0.010559
19801	-9.747390	-1.291630	0.073257	-0.005060	0.004450	0.001270	0.879681	0.380197	-0.078181	0.093874	-0.090416	-0.991470	-0.657677	0.742009	-0.129937	0.747428	0.664265	0.010191
19802	-9.706170	-1.298920	0.067698	0.002011	0.006748	0.007066	0.879815	0.372993	-0.081330	0.093774	-0.090420	-0.991479	-0.657672	0.742025	-0.129873	0.747445	0.664246	0.010116
19803	-9.718270	-1.299240	0.088457	-0.002864	0.002864	0.003373	0.883748	0.377239	-0.083534	0.093600	-0.090644	-0.991475	-0.657724	0.741970	-0.129926	0.747421	0.664278	0.009830
19804	-9.743260	-1.344630	0.072097	0.002011	0.006748	0.007066	0.888075	0.381958	-0.086902	0.093499	-0.090650	-0.991484	-0.657719	0.741985	-0.129863	0.747438	0.664260	0.009752
19805	-9.768350	-1.181610	0.091804	0.002438	0.003265	0.004784	0.874420	0.372505	-0.091846	0.093369	-0.090704	-0.991491	-0.657680	0.742027	-0.129816	0.747489	0.664205	0.009628
19806	-9.763240	-1.213830	0.065095	-0.002864	0.002864	0.003373	0.875983	0.379023	-0.088896	0.093320	-0.090712	-0.991495	-0.657708	0.742007	-0.129790	0.747470	0.664226	0.009582
19807	-9.736570	-1.309940	0.076277	-0.005525	0.000906	0.002374	0.888625	0.383350	-0.082144	0.093302	-0.090542	-0.991512	-0.657545	0.742176	-0.129649	0.747616	0.664061	0.009711
19808	-9.748640	-1.310430	0.097346	0.001768	0.001897	0.004387	0.884423	0.378185	-0.087418	0.093254	-0.090534	-0.991518	-0.657539	0.742188	-0.129611	0.747627	0.664048	0.009682
19809	-9.700560	-1.284250	0.097163	0.000466	0.006189	0.004771	0.877617	0.380804	-0.082515	0.093139	-0.090626	-0.991520	-0.657533	0.742195	-0.129603	0.747647	0.664028	0.009538
19810	-9.688610	-1.282850	0.075461	-0.001766	0.003393	0.007363	0.884757	0.374285	-0.083452	0.093060	-0.090606	-0.991529	-0.657556	0.742187	-0.129536	0.747636	0.664040	0.009490
19811	-9.694730	-1.293850	0.043169	-0.001320	0.003423	0.005670	0.884813	0.374799	-0.085986	0.092927	-0.090693	-0.991534	-0.657546	0.742200	-0.129513	0.747662	0.664014	0.009335
19812	-9.705980	-1.272400	0.037442	0.001098	0.000529	0.003990	0.875264	0.377615	-0.085388	0.092891	-0.090680	-0.991538	-0.657544	0.742207	-0.129479	0.747668	0.664008	0.009318
19813	-9.728370	-1.207580	0.111342	0.000447	0.002675	0.004182	0.888597	0.376390	-0.084008	0.092770	-0.090666	-0.991551	-0.657454	0.742303	-0.129387	0.747762	0.663903	0.009255
19814	-9.706060	-1.249120	0.122187	-0.003981	0.001466	0.004670	0.877928	0.380537	-0.088576	0.092722	-0.090653	-0.991557	-0.657491	0.742277	-0.129346	0.747735	0.663933	0.009222
19815	-9.719880	-1.315540	0.111627	-0.003981	0.001467	0.004670	0.879931	0.365995	-0.080890	0.092645	-0.090625	-0.991566	-0.657454	0.742322	-0.129273	0.747777	0.663886	0.009191
19816	-9.707070	-1.292420	0.063260	-0.001971	0.005570	0.005863	0.871684	0.378558	-0.083718	0.092559	-0.090630	-0.991574	-0.657477	0.742311	-0.129220	0.747768	0.663898	0.009121
19817	-9.731240	-1.315910	0.020124	0.000671	0.004013	0.006274	0.882330	0.374843	-0.082840	0.092334	-0.090677	-0.991591	-0.657409	0.742392	-0.129104	0.747856	0.663801	0.008936
19818	-9.713230	-1.303030	0.030681	0.002865	-0.000220	0.002502	0.884155	0.373247	-0.078152	0.092311	-0.090668	-0.991594	-0.657393	0.742410	-0.129083	0.747873	0.663782	0.008928
19819	-9.752830	-1.228820	0.067147	0.007741	0.003663	0.006197	0.879072	0.373392	-0.080794	0.092031	-0.090789	-0.991609	-0.657357	0.742458	-0.128987	0.747938	0.663712	0.008648
19820	-9.746880	-1.216600	0.098986	0.001972	-0.000280	0.005889	0.874891	0.377885	-0.087109	0.091985	-0.090756	-0.991616	-0.657352	0.742473	-0.128931	0.747949	0.663700	0.008638
19821	-9.747810	-1.237840	0.125707	-0.000670	0.001278	0.005478	0.878136	0.375630	-0.083235	0.091916	-0.090756	-0.991622	-0.657275	0.742548	-0.128885	0.748024	0.663616	0.008601
19822	-9.729810	-1.224920	0.136231	0.000447	0.002675	0.004183	0.878932	0.377054	-0.089032	0.091860	-0.090755	-0.991628	-0.657279	0.742551	-0.128847	0.748028	0.663612	0.008559
19823	-9.719580	-1.289720	0.083286	-0.001340	-0.000090	0.005081	0.878364	0.379899	-0.078941	0.091825	-0.090680	-0.991638	-0.657177	0.742656	-0.128766	0.748122	0.663505	0.008601
19824	-9.668950	-1.384010	0.052056	0.003109	0.004632	0.005184	0.891876	0.374023	-0.090174	0.091747	-0.090684	-0.991645	-0.657161	0.742678	-0.128717	0.748145	0.663480	0.008544
19825	-9.772190	-1.259760	0.082059	0.006197	0.005750	0.009778	0.878530	0.373156	-0.092209	0.091551	-0.090673	-0.991664	-0.657081	0.742773	-0.128578	0.748240	0.663375	0.008422
19826	-9.700040	-1.231710	0.039565	0.000651	0.000499	0.005684	0.887778	0.383758	-0.086921	0.091500	-0.090645	-0.991671	-0.657085	0.742779	-0.128523	0.748243	0.663372	0.008403
19827	-9.755180	-1.290310	0.034162	0.004409	0.000339	0.004800	0.880986	0.380719	-0.086828	0.091503	-0.090484	-0.991685	-0.656904	0.742960	-0.128402	0.748401	0.663192	0.008544
19828	-9.691640	-1.316990	0.125305	0.011052	0.003472	0.007008	0.882400	0.380499	-0.080610	0.091422	-0.090464	-0.991695	-0.656831	0.743037	-0.128333	0.748475	0.663108	0.008510
19829	-9.720070	-1.263490	0.167096	0.008411	0.005031	0.006597	0.877971	0.377299	-0.081681	0.091436	-0.090533	-0.991687	-0.656730	0.743116	-0.128393	0.748562	0.663010	0.008492
19830	-9.683150	-1.216160	0.161366	0.002662	0.004603	0.006878	0.883269	0.377075	-0.090050	0.091348	-0.090523	-0.991696	-0.656719	0.743137	-0.128327	0.748582	0.662988	0.008436
19831	-9.694410	-1.216960	0.070318	-0.007516	0.002969	0.007645	0.878590	0.377198	-0.090406	0.091291	-0.090464	-0.991707	-0.656686	0.743180	-0.128244	0.748619	0.662947	0.008440
19832	-9.748710	-1.253580	0.037916	-0.003108	0.000661	0.006569	0.881332	0.372020	-0.090990	0.091235	-0.090429	-0.991715	-0.656718	0.743163	-0.128181	0.748597	0.662971	0.008417
19833	-9.726460	-1.295070	0.048688	-0.003514	0.005014	0.003566	0.875891	0.371198	-0.077655	0.091151	-0.090233	-0.991741	-0.656554	0.743343	-0.127977	0.748751	0.662797	0.008514
19834	-9.714480	-1.271300	0.112210	0.003311	0.002456	0.006687	0.880785	0.371586	-0.084719	0.091081	-0.090207	-0.991749	-0.656537	0.743369	-0.127911	0.748774	0.662771	0.008482
19835	-9.695600	-1.236420	0.095907	-0.003758	0.002808	0.006762	0.875962	0.376635	-0.085966	0.090850	-0.090252	-0.991767	-0.656551	0.743377	-0.127791	0.748790	0.662755	0.008281
19836	-9.698390	-1.346000	0.005761	-0.001565	0.001220	0.008867	0.882011	0.382419	-0.082054	0.090773	-0.090202	-0.991778	-0.656573	0.743373	-0.127703	0.748780	0.662767	0.008254
19837	-9.703610	-1.312650	0.031916	0.006420	0.004441	0.005996	0.872214	0.372681	-0.088088	0.090826	-0.090245	-0.991769	-0.656449	0.743472	-0.127769	0.748883	0.662650	0.008285
19838	-9.759430	-1.184680	0.089000	0.006196	0.003103	0.003904	0.879803	0.369534	-0.081647	0.090769	-0.090245	-0.991775	-0.656408	0.743514	-0.127731	0.748926	0.662603	0.008251
19839	-9.759510	-1.184030	0.088704	0.005526	0.004382	0.009384	0.878728	0.374882	-0.085313	0.090572	-0.090155	-0.991801	-0.656262	0.743677	-0.127531	0.749077	0.662432	0.008191
19840	-9.766520	-1.216830	0.083442	-0.005995	-0.002631	0.003476	0.875585	0.379716	-0.083642	0.090560	-0.090119	-0.991805	-0.656312	0.743639	-0.127497	0.749035	0.662480	0.008198
19841	-9.778590	-1.217360	0.104738	-0.006197	-0.000455	0.001974	0.880357	0.370637	-0.080523	0.090640	-0.090122	-0.991798	-0.656255	0.743680	-0.127551	0.749075	0.662434	0.008264
19842	-9.751230	-1.291590	0.089322	-0.004429	0.001442	0.006364	0.882745	0.375101	-0.083884	0.090580	-0.090091	-0.991806	-0.656296	0.743654	-0.127488	0.749046	0.662466	0.008234
19843	-9.739270	-1.290210	0.067968	-0.005100	0.000075	0.005966	0.879503	0.380219	-0.090748	0.090404	-0.090091	-0.991822	-0.656318	0.743655	-0.127372	0.749048	0.662466	0.008101
19844	-9.709220	-1.276430	0.057355	-0.006420	0.000854	0.005761	0.877885	0.373780	-0.080157	0.090351	-0.090061	-0.991829	-0.656374	0.743616	-0.127315	0.749006	0.662514	0.008073
19845	-9.719540	-1.232990	0.025037	-0.004899	-0.002102	0.007468	0.876962	0.373922	-0.086617	0.090390	-0.089972	-0.991834	-0.656299	0.743689	-0.127273	0.749067	0.662444	0.008174
19846	-9.750650	-1.267340	0.062483	-0.003131	-0.002852	0.005980	0.886535	0.379571	-0.081328	0.090364	-0.089915	-0.991842	-0.656330	0.743672	-0.127214	0.749043	0.662471	0.008187
19847	-9.698310	-1.295660	0.063175	0.001097	0.000529	0.003992	0.888044	0.376232	-0.088792	0.090344	-0.089911	-0.991844	-0.656258	0.743738	-0.127197	0.749108	0.662397	0.008188
19848	-9.748940	-1.200380	0.094211	-0.002013	-0.001455	0.004684	0.884307	0.376179	-0.082652	0.090317	-0.089873	-0.991850	-0.656279	0.743727	-0.127150	0.749093	0.662414	0.008189
19849	-9.736960	-1.199030	0.073140	-0.006890	-0.002689	0.006865	0.878764	0.374435	-0.078320	0.090237	-0.089763	-0.991867	-0.656271	0.743758	-0.127015	0.749110	0.662394	0.008205
19850	-9.697570	-1.272560	0.036729	-0.006421	-0.001791	-0.000118	0.885107	0.379231	-0.077442	0.090243	-0.089758	-0.991867	-0.656320	0.743714	-0.127015	0.749066	0.662444	0.008205
19851	-9.744860	-1.253810	0.095019	-0.002237	-0.002793	0.002592	0.882357	0.383600	-0.084552	0.090223	-0.089929	-0.991853	-0.656384	0.743638	-0.127131	0.749013	0.662506	0.008065
19852	-9.737040	-1.198320	0.073727	-0.006667	-0.003997	0.003079	0.884319	0.381088	-0.081618	0.090224	-0.089887	-0.991857	-0.656439	0.743595	-0.127101	0.748965	0.662561	0.008085
19853	-9.721750	-1.273470	0.079867	-0.007987	-0.003217	0.002873	0.885464	0.375515	-0.087878	0.090397	-0.089934	-0.991837	-0.656443	0.743565	-0.127251	0.748939	0.662588	0.008180
19854	-9.728730	-1.306630	0.074745	-0.004206	0.000134	0.002580	0.874541	0.378809	-0.085729	0.090373	-0.089924	-0.991840	-0.656479	0.743538	-0.127227	0.748911	0.662620	0.008163
19855	-9.709790	-1.271990	0.058649	0.002641	0.001086	0.006291	0.877887	0.375420	-0.080544	0.090396	-0.089811	-0.991848	-0.656333	0.743678	-0.127157	0.749036	0.662477	0.008280
19856	-9.697790	-1.248240	0.122431	0.001768	0.001895	0.004391	0.880908	0.364415	-0.082011	0.090347	-0.089798	-0.991854	-0.656326	0.743692	-0.127115	0.749049	0.662464	0.008254
19857	-9.710830	-1.292830	0.085264	-0.002013	-0.001455	0.004685	0.879115	0.373967	-0.088171	0.090146	-0.089784	-0.991873	-0.656324	0.743718	-0.126971	0.749074	0.662436	0.008116
19858	-9.704910	-1.303070	0.032130	0.000202	0.000469	0.007382	0.880732	0.378780	-0.084829	0.090087	-0.089739	-0.991883	-0.656331	0.743725	-0.126898	0.749075	0.662435	0.008101
19859	-9.721220	-1.248750	0.052846	0.001993	0.003233	0.006484	0.881412	0.373471	-0.083299	0.090078	-0.089644	-0.991892	-0.656191	0.743862	-0.126819	0.749199	0.662295	0.008182
19860	-9.756510	-1.228720	0.089634	0.001969	-0.000281	0.005893	0.884053	0.376147	-0.083462	0.090035	-0.089604	-0.991900	-0.656183	0.743879	-0.126761	0.749211	0.662281	0.008178
19861	-9.767740	-1.206940	0.084085	0.001746	0.001027	0.009681	0.882867	0.374414	-0.079747	0.089916	-0.089549	-0.991915	-0.656127	0.743948	-0.126640	0.749274	0.662210	0.008138
19862	-9.738610	-1.214820	0.100351	-0.000022	-0.000868	0.005289	0.879402	0.374128	-0.080476	0.089881	-0.089510	-0.991922	-0.656134	0.743952	-0.126588	0.749273	0.662211	0.008137
19863	-9.746590	-1.269330	0.121825	-0.000893	0.002588	0.009270	0.888005	0.369668	-0.081036	0.089744	-0.089560	-0.991930	-0.656142	0.743953	-0.126534	0.749282	0.662203	0.008001
19864	-9.705440	-1.276360	0.116561	-0.001766	0.003398	0.007370	0.880530	0.374030	-0.089226	0.089663	-0.089534	-0.991940	-0.656164	0.743946	-0.126461	0.749273	0.662214	0.007955
19865	-9.705550	-1.275590	0.116223	-0.004205	0.002782	0.008461	0.886127	0.374930	-0.085804	0.089455	-0.089413	-0.991969	-0.656138	0.744008	-0.126233	0.749320	0.662161	0.007888
19866	-9.704740	-1.252870	0.089082	-0.003980	0.004120	0.010554	0.880088	0.383960	-0.082340	0.089347	-0.089368	-0.991983	-0.656179	0.743990	-0.126128	0.749298	0.662187	0.007832
19867	-9.716930	-1.252620	0.109788	-0.003308	0.005487	0.010953	0.887429	0.372536	-0.081466	0.089353	-0.089348	-0.991984	-0.656124	0.744040	-0.126116	0.749344	0.662134	0.007859
19868	-9.758330	-1.243720	0.114117	-0.004628	0.006268	0.010748	0.877152	0.375774	-0.080542	0.089229	-0.089315	-0.991999	-0.656170	0.744018	-0.126009	0.749319	0.662163	0.007782
19869	-9.711210	-1.261280	0.055299	-0.000645	0.007441	0.011957	0.883794	0.373055	-0.076905	0.089049	-0.089338	-0.992013	-0.656161	0.744043	-0.125908	0.749348	0.662132	0.007636
19870	-9.699260	-1.237170	0.118386	0.005800	0.010096	0.006786	0.893276	0.374161	-0.084735	0.088922	-0.089361	-0.992022	-0.656125	0.744086	-0.125840	0.749395	0.662081	0.007534
19871	-9.686380	-1.213580	0.069490	-0.001741	0.009560	0.013846	0.887904	0.377432	-0.083575	0.088625	-0.089372	-0.992048	-0.656169	0.744079	-0.125652	0.749392	0.662087	0.007301
19872	-9.701490	-1.300970	0.085062	-0.001318	0.006075	0.011560	0.885185	0.375014	-0.084553	0.088495	-0.089332	-0.992063	-0.656191	0.744079	-0.125536	0.749388	0.662092	0.007228
